-6.734999865293502808e-01 -9.892500042915344238e-01 2.621750026941299438e+00
-6.599999666213989258e-01 -1.019999980926513672e+00 2.660000085830688477e+00
1.346482811302974314e+00 -1.057241369938028308e+00 2.574551738541701607e+00
2.434286049434117027e-01 3.428571564810616867e-01 1.760857173374720919e+00
-4.397055915757721450e-02 -2.227352939400018550e-01 3.083382369256487010e+00
1.215000450611114502e-01 -1.049999982118606567e+00 2.784500062465667725e+00
-6.637499947100877762e-01 -3.315000012516975403e-01 2.135375000536441803e+00
-8.759999871253967285e-01 1.560000181198120117e-01 2.156000137329101562e+00
1.134000062942504883e+00 -1.001999974250793457e+00 2.599999904632568359e+00
2.950714571135384934e-01 5.817857342106955709e-01 1.780892857483455050e+00
-1.019999980926513707e-02 -7.007999956607818826e-01 2.807599925994872958e+00
4.530000090599060059e-01 5.200000603993733955e-02 1.294000009695688957e+00
1.605306279902555533e-01 1.715510475392244272e-01 1.039755067046807646e+00
3.750000000000000000e-01 -5.399999618530273438e-01 2.648000001907348633e+00
5.981641918865602259e-01 -4.645522316889976189e-01 2.560776176737315613e+00
-8.435744630529525834e-01 2.135744728940598414e-01 2.109914850681386067e+00
4.041951531317176105e-01 8.868293645905285516e-02 1.234048782325372517e+00
-7.066753243471121104e-01 -2.669610141159652339e-01 2.073636377012574972e+00
-3.404000043869018777e-01 6.133999983469645700e-01 1.561000001430511430e+00
2.548656819471672441e-01 3.904478585542137808e-02 1.276955232691409092e+00
-8.443636305920489971e-01 2.652467752431894032e-01 2.020337736451780497e+00
-7.282500043511390686e-01 -2.559374682605266571e-01 2.018937572836875916e+00
-8.232499758402506140e-01 4.425001144409179688e-02 2.061999956766764175e+00
-7.751428428150358707e-01 -6.568571329116821289e-01 1.811142870358058321e+00
-1.098749986716679228e+00 3.248571434191295237e-01 1.805642868791307754e+00
-1.090833316246668572e+00 3.626666929986741561e-01 1.760833356115553139e+00
8.724000453948974609e-01 -3.348000049591064453e-01 2.446400022506713956e+00
4.824000358581542747e-01 -3.319996992746988840e-02 2.841999975840250769e+00
-6.619148825077300069e-01 -1.770638202099089897e-01 2.330765922018822156e+00
2.259375303983688354e-01 4.822500087320804596e-01 1.790187500417232513e+00
-5.802692255148520495e-01 -4.123846109096820367e-01 2.322730720043182373e+00
-7.522142777840296057e-01 -2.665714025497436523e-01 1.925285725366501666e+00
-7.434666653474172326e-01 -3.689333226945665234e-01 1.826466682222154470e+00
-7.464255272073948566e-01 -7.679999863847772890e-01 1.926468098417241537e+00
1.525454653633965263e-01 1.349091024109811410e-01 1.075393957321089999e+00
-8.011199951171874556e-01 4.545599889755249090e-01 1.695920023918151776e+00
-1.002214267849922180e+00 -1.601785485233579442e-01 1.507785716227122652e+00
-6.660000085830688477e-01 -1.900000174840291434e-01 2.298000176747640122e+00
3.598064645644157289e-01 4.692580796057178039e-01 2.021967803278276854e+00
-3.841621489138216661e-01 -6.172972874598460225e-01 2.777135176701588826e+00
-8.556923086826617730e-01 3.055384617585402141e-01 1.943692317375770084e+00
-9.179999828338623047e-01 1.644000291824340709e-01 1.995199990272521928e+00
-5.962285598119100305e-01 4.755428791046142356e-01 1.726685728345598525e+00
-6.359999992630698262e-01 -6.137921964967405497e-01 1.877896106088316364e+00
-7.482680352692751002e-01 3.922886946766646621e-01 1.830206198790638616e+00
-4.646756375158155317e-01 -5.262972849446374557e-01 2.584837852297602545e+00
4.052459353306254175e-01 -8.095082298654024400e-02 1.523836090916492969e+00
-4.679999351501464844e-01 -5.856000065803528276e-01 2.493200111389159979e+00
4.067872661225339082e-01 5.230213175428674033e-01 1.924680865825490805e+00
3.325714383806501195e-01 -6.017142704554966359e-01 2.654000043869018555e+00
-6.599998474121093750e-02 4.845000207424163818e-01 1.463000029325485229e+00
-6.818437427282333374e-01 -1.011843731626868248e+00 2.520593758672475815e+00
-7.272000074386596458e-01 -7.039999961853027344e-01 1.910800011952718203e+00
-6.179999709129333496e-01 -2.400000095367431641e-01 2.395999908447265625e+00
8.720000584920247766e-01 -8.599999944368997840e-01 2.512000004450479995e+00
4.639655248872164850e-01 -3.273103442685357245e-01 2.691655241209885308e+00
-9.443684220314025879e-01 5.207895103253816771e-01 1.523000014455694995e+00
1.086666716469658761e-01 1.366664303673638219e-02 1.806333343187968010e+00
-8.446019372893768251e-01 3.225436928202805031e-01 1.922407779878783085e+00
-6.866249926388263702e-01 3.607500195503234863e-01 1.906625017523765564e+00
-6.467233997710207793e-01 1.999149246418729653e-01 2.188042508794906471e+00
-1.950612173599450827e-01 -1.680816152468830593e-01 1.624122468792662310e+00
-7.652195037865057170e-01 -1.799999940686109468e-01 1.985219522220332378e+00
-5.624999914850506988e-01 -6.202142770801272187e-01 2.128999985399700368e+00
-6.411645533163335964e-01 -6.115442906753926211e-01 1.823797485496424509e+00
8.576182061975652360e-01 -9.158727234060114464e-01 2.713563617792996485e+00
-7.896494797824584744e-01 -3.176288629315562884e-01 1.727030940891541189e+00
-5.931110992843722229e-01 -6.180740661091275179e-01 2.027333368489771637e+00
-7.739999890327453613e-01 -1.439999341964721680e-01 2.009000062942504883e+00
-4.538823436288272895e-01 4.012941823286168552e-01 1.894823523128733811e+00
-5.664000034332274947e-01 -6.804000020027161089e-01 1.932800006866455034e+00
-8.071851870160043907e-01 -7.051850984125961064e-02 1.976888905336827484e+00
-8.798181663859974133e-01 8.738182674754749191e-02 1.919927284934303868e+00
-8.695384676639850152e-01 -3.369230765562791219e-01 1.392153886648324734e+00
-1.026000022888183594e+00 4.620000123977661133e-01 1.603999972343444824e+00
-5.462255549610108840e-01 4.273082932135216505e-01 1.826812045018475716e+00
-6.441308371374540043e-01 3.255140202067722810e-01 1.974037405486418928e+00
-8.979642779699393840e-01 4.444821476936340332e-01 1.677821430776800460e+00
-7.453333281335376981e-01 1.681905019850958027e-01 2.217142926322089203e+00
4.538350596870343590e-01 4.717732114890186845e-01 2.026536132871490370e+00
7.028333544731140137e-01 -3.099996844927470005e-02 1.526333345307244294e+00
-3.766261956777917225e-02 -5.674698733421693619e-01 2.840361422803028724e+00
-8.219999670982360840e-01 -9.599995613098144531e-02 1.904000043869018555e+00
8.621276811505040882e-01 -1.064936160195803838e+00 2.730936194142551177e+00
3.555365975310162963e-01 5.162927173986667784e-01 1.920390255567504090e+00
-6.031343127364543477e-01 -2.192238764976387477e-01 2.477940303176196846e+00
-5.649999943044450301e-01 -5.704444392963692323e-01 2.180555551140396897e+00
-6.067578811394540583e-01 -6.193894656080948247e-01 1.977578964986299148e+00
4.470000077377666026e-01 -1.125545454296198677e+00 3.029068204489621330e+00
9.038125276565551758e-01 -1.118312505384286171e+00 2.719812509914239396e+00
-7.470810757027016580e-01 4.236216480667526763e-01 1.775135140161256508e+00
2.660816494299441115e-01 -4.242857135072046204e-01 2.790163307773823487e+00
9.536319232425807257e-01 -8.666871153503838965e-01 2.432773082534228415e+00
-7.309565181317536631e-01 -1.007739113724750002e+00 2.427043531251990238e+00
-1.032000035047531128e+00 -7.349999845027923584e-01 1.755500048398971558e+00
5.025842946566893010e-01 -5.665617920039744959e-01 2.569292170278142162e+00
5.099999904632568359e-01 -9.359999895095825195e-01 2.815999984741210938e+00
9.600000381469726562e-01 -5.939999818801879883e-01 2.240000009536743164e+00
-3.434400002161661636e-01 4.688000154495239324e-01 1.815920012791951477e+00
-5.408275785117313550e-01 4.094482783613533905e-01 1.861586229554538008e+00
-5.474999899926938918e-01 4.502368475261487313e-01 1.784078944670526523e+00
-6.474146290523249414e-01 1.902452329309975128e-03 2.536048778673497761e+00
-4.445454609858525141e-01 -4.156363598712078944e-01 2.826207780218743526e+00
-2.484230582530681797e-01 2.363076966542463908e-01 1.869615396628013126e+00
1.560000181198120117e-01 -2.580000162124633789e-01 1.856000065803527832e+00
3.038069133100838592e-01 -6.700965441506484543e-01 2.633931041585988009e+00
-3.111107261092574405e-02 -9.335555456302784272e-01 2.693333413865831361e+00
9.913200187683105513e-01 -7.211999940872192427e-01 2.443040008544921982e+00
9.313846918252798313e-01 -1.070769199958214457e-01 1.773384607755220888e+00
6.555529622470631645e-01 -1.168023526668548584e+00 2.931058847202974160e+00
6.960000991821289062e-01 -1.979999542236328125e-01 1.805000007152557373e+00
5.528571548916044742e-01 -1.667142680713108727e-01 1.722714293570745570e+00
1.468800067901611384e-01 -3.120000028610229736e-01 1.808480024337768555e+00
-7.288571454229808566e-01 -4.555714300700596242e-01 1.769428582418532514e+00
-7.290000021457672119e-01 -2.112272652712735288e-01 2.069136359474875508e+00
-2.508275645902787176e-01 -5.301379157208848669e-01 2.973172434445085166e+00
-5.957142778805324390e-01 -6.611142746039799789e-01 1.926628582818167512e+00
1.260000467300415039e-01 1.500000158945719309e-01 1.046000003814697266e+00
5.154286168870472196e-01 -7.597142713410514059e-01 2.446571452277047420e+00
-5.387837661279214485e-01 -5.668378311234552047e-01 2.276405431128837087e+00
-6.082499854266643080e-01 -3.702749848365783913e-01 2.275625020265579224e+00
4.115428867794218570e-01 -6.250285659517560433e-01 2.592628578912643977e+00
9.779999256134033203e-01 -6.899999976158142090e-01 2.503999948501586914e+00
-3.167142612593514817e-01 -8.772857089837392541e-01 2.677857183274768627e+00
3.669350720071173355e-01 -1.668311465870250254e-01 1.579376630968861717e+00
5.004827770693548450e-01 5.495172697922279248e-01 1.891379302945630281e+00
6.779999732971191406e-01 -1.380000114440917969e-01 1.759999990463256836e+00
1.319999694824218750e-01 -2.849999666213989258e-01 1.796000003814697266e+00
9.471162991930347497e-01 -1.067488355229991415e+00 2.679162827573081440e+00
-7.946315731918602854e-01 3.857894958111277584e-01 1.827000014614640566e+00
1.524444542549274473e-01 5.755555695957608187e-01 1.774777783287896149e+00
3.515294159159940701e-01 -2.527058615404016995e-01 1.816117658334619911e+00
-4.457333313094244964e-01 4.167333616150750153e-01 1.873333340220981080e+00
1.071683215622854651e-01 -6.647523676995004127e-02 1.868237633516292684e+00
-7.744615261371319281e-01 -2.999999981660109172e-01 1.808923097757192844e+00
-8.154285578500657383e-01 -3.842856940769013852e-01 1.536571428889319968e+00
-4.501578839201676452e-01 -5.147367715835571289e-02 2.687789515445107025e+00
-1.047566043880750586e+00 4.421320805009805732e-01 1.625339637387473557e+00
-5.968235175983578333e-01 3.892941474914550781e-01 1.877352944776123689e+00
-4.569069729294887861e-01 -4.165116229722666263e-01 2.774348882741706213e+00
8.819999694824218750e-01 -4.980000257492065430e-01 2.401999950408935547e+00
-6.766451501077220820e-01 -3.110322586951717039e-01 2.119322549912237452e+00
-5.491898580442501343e-01 -6.187594842307174714e-01 2.176962040647675511e+00
-1.559999883174896240e-01 -9.749999865889549255e-01 2.803999900817871094e+00
-4.408695697784423828e-01 -8.869567643041195715e-02 2.760695706243100567e+00
1.019999980926513672e-01 3.382500112056732178e-01 1.307749971747398376e+00
5.648571423121860891e-01 -1.808571134294782445e-01 1.763428585869925458e+00
3.705000281333923340e-01 4.559999704360961914e-01 2.046499907970428467e+00
7.920000076293944868e-01 -2.459999322891235352e-01 1.748000025749206543e+00
8.076724183970483972e-01 -1.166379307878428584e+00 2.838137932892503379e+00
-1.296970578677514085e+00 4.268382568569744073e-01 1.575455890858874497e+00
-7.666956497275311255e-01 -3.339130411977353496e-01 1.784521735232809325e+00
6.371431691305977363e-02 -9.399999777475992468e-01 2.595142875398908533e+00
-7.162641309342294704e-01 -4.788679019460138075e-01 1.779358492707306505e+00
-7.361290275409657635e-01 -4.672903104494976478e-01 1.726258077929096801e+00
-6.903797403166566093e-01 -5.605822711051264839e-01 1.677822786041452963e+00
1.094666653209262375e+00 -7.793333265516493302e-01 2.638000011444091797e+00
4.051343576231999366e-01 2.892538682738346814e-02 1.325671644353154877e+00
-4.492571512858072880e-01 -6.181714194161551656e-01 2.526457146235874696e+00
-7.370487771383146258e-01 -2.667804636606356250e-01 1.975121969129981059e+00
-2.339999919587915644e-01 -1.671136184172196948e-01 1.616204561157660091e+00
1.134000062942504883e+00 -8.119999965031942102e-01 2.660000085830688477e+00
-7.649999856948852539e-01 4.559999704360961914e-01 1.700000047683715820e+00
-1.820000012715657645e-01 -2.499999602635701590e-01 3.096000035603841294e+00
-6.060000061988830566e-01 -6.480000019073486328e-01 1.847000002861022949e+00
-7.605217237403427699e-01 -1.182608690814695440e-01 2.076347855554110833e+00
-7.422758594326589465e-01 -1.679999842040840186e-01 2.074827602539939253e+00
-3.432666672600639957e-01 3.882666998439364692e-01 1.937733342912462131e+00
-2.699999809265136719e-01 1.500010490417480469e-03 1.731500029563903809e+00
1.109000007311503166e+00 -9.849999845027923584e-01 2.580999970436096191e+00
-1.328571523938860133e-01 -1.722857270921979711e-01 1.711142863546099013e+00
-1.445142740295046746e-01 -8.693999977338882079e-01 2.783428595179603171e+00
4.526875087370474948e-01 -6.178749911487102509e-01 2.573656279593706131e+00
-4.516363685781305537e-01 -4.682479229840365575e-01 2.724909077005937874e+00
4.017778083130165157e-01 5.418888727823892859e-01 1.889999990110044159e+00
-7.481590848077427358e-01 4.474090933799743652e-01 1.730000017718835270e+00
-5.887826015983802508e-01 -2.186086920724398808e-01 2.526608698609946302e+00
-2.464579998991871523e-01 5.354656608960101094e-01 1.727022915396071667e+00
-2.849508152633417057e-01 1.322950925983366333e-01 1.778393438605011534e+00
-9.398181850259954562e-01 -3.258545442060990505e-01 1.393454595045609867e+00
9.300000667572021484e-01 -2.280000448226928711e-01 1.766000032424926758e+00
-3.653330273098415876e-02 -2.274666653739081390e-01 1.715200000339084152e+00
-1.360909126021645210e-01 -2.170908965847709038e-01 1.661136340011249990e+00
-7.540227181532166423e-01 -2.181136337193575747e-01 1.975727291269735897e+00
-6.390447750020382678e-01 -8.014925202326987630e-02 2.669134371316255194e+00
-1.552307422344501309e-01 -2.159999975791344340e-01 1.635000021029741291e+00
-7.577249854803085327e-01 -3.690749868750572427e-01 1.775825004279613539e+00
-4.156595671430547423e-01 -5.262127518653869629e-01 2.780638334598946937e+00
-6.602727147665891083e-01 -2.219090877157268993e-01 2.280181870316014159e+00
7.514805391237333598e-01 -1.163103892431630815e+00 2.876038992559755147e+00
-7.535999894142151323e-01 2.039999961853027344e-01 2.148200082778930486e+00
1.155450023412704530e+00 -1.017179995775222778e+00 2.630120028257370013e+00
3.033396399246071629e-01 3.739811575637673191e-01 1.225037742335841395e+00
1.800000667572021484e-01 4.160000244776407841e-01 1.235600018501281649e+00
-7.143333190017275847e-01 -7.194999919997321358e-01 1.929083344009187462e+00
-8.700000047683715820e-01 1.199996471405029297e-02 1.850000023841857910e+00
-7.568666544225480797e-01 -1.683333158493041937e-01 2.027333370844523142e+00
-4.613906051963567734e-01 -4.700156105682253838e-01 2.677203163504600525e+00
-8.989148869159373501e-01 4.955744679937971187e-01 1.580702136171624916e+00
-6.895199942588806641e-01 2.112000226974487249e-01 2.159600124359130735e+00
4.706666734483506698e-01 -4.333333306842380162e-01 2.646666659249199860e+00
2.556000137329101363e-01 -2.015999794006347601e-01 1.690400009155273331e+00
1.125000000000000000e+00 -6.959999799728393555e-01 2.444000005722045898e+00
5.940000116825103760e-01 -1.439999341964721680e-01 1.697000026702880859e+00
-9.686538003958188037e-02 -2.213653876231266859e-01 1.675769232786618712e+00
-1.946142775671822756e-01 -1.116342855351311725e+00 2.732171436718532131e+00
9.747368411013954126e-02 -4.214736777439452298e-01 2.862631620022288548e+00
5.076000280678272247e-01 -5.215499911457299742e-01 2.586987510323524475e+00
-3.891345973198230279e-01 -4.154423051155530233e-01 3.027096177522952569e+00
2.880000273386637555e-01 -8.939999938011169434e-01 2.539999961853027344e+00
9.003590049906673443e-01 -8.330769136420681509e-01 2.821641011115832320e+00
-5.456744090531223668e-01 4.840930386107097361e-01 1.727441874585410320e+00
-7.931851818237776186e-01 -6.948147143846676588e-02 2.027333371433210907e+00
-2.967652061711186784e-01 5.839304509370223384e-01 1.624869578817616400e+00
4.844446093947799015e-02 -1.778518417735158730e-01 1.783407402627262162e+00
-2.564799737930297807e-01 8.312001387278239450e-02 1.723120012283325231e+00
-8.632285773754120317e-01 -7.567714239869799409e-01 1.826514301981244870e+00
-8.946153766069656621e-01 2.612307988680325765e-01 2.012615472842485431e+00
-7.956571374620710069e-01 4.921714373997279623e-01 1.625657159941537033e+00
-5.129999816417694092e-01 1.019999980926513672e-01 2.395999908447265625e+00
-7.965333276324801925e-01 2.964666922887166378e-01 1.979666680759853747e+00
-7.472079142485514858e-01 1.344356560471034190e-01 2.275702991107902751e+00
-1.055999994277954102e-01 -3.480000495910644531e-01 1.644200015068054244e+00
-9.429557529170956576e-01 -7.061946075574486448e-02 1.537840721881495121e+00
8.040759533266478298e-01 -1.183291190787206654e-01 1.782253176351136892e+00
-8.906999915838241799e-01 5.108999967575073020e-01 1.559600001573562711e+00
2.090000112851460867e-01 -1.022000001536475189e+00 2.788000067075093735e+00
1.215000152587890625e-01 2.452500015497207642e-01 1.268750011920928955e+00
-5.662857095400491980e-01 -5.264285589967455659e-01 2.230857196308317469e+00
4.459999998410542621e-01 1.199996471405029297e-02 2.805999914805094253e+00
-1.110638278595944689e-01 -2.553188800811767578e-02 1.744042569018424915e+00
7.626614570617675781e-01 -8.683936985458914348e-01 2.639307076536764107e+00
6.532766142635481055e-01 -2.189361677102163450e-01 1.768042550019338632e+00
-4.505106337527011173e-01 5.488085340946278201e-01 1.637957468945929307e+00
-9.004799938201903942e-01 5.484000205993652122e-01 1.488200004100799667e+00
3.013220540547775217e-01 3.964068142034239961e-01 1.184711864439107698e+00
-4.916999921202659385e-01 1.619999408721923759e-02 2.560400062799453647e+00
-8.464719063780280495e-01 7.853934604130434483e-02 2.026764090141553343e+00
-4.945360710940410187e-01 2.345567130550895718e-01 2.177402073575049446e+00
-4.883404095122154676e-01 -4.688084970974752963e-01 2.578000026391753075e+00
4.515000075101852639e-01 3.300001621246338029e-02 1.323050007224082947e+00
3.520909168503500997e-01 4.425001144409179688e-02 2.731181827458468270e+00
5.498571566173008351e-01 1.978571755545479871e-01 1.088857154051462883e+00
5.004879904956352488e-02 5.034147239312893041e-02 1.187365860473818868e+00
4.020000331931644078e-01 5.000000860955980397e-02 1.287833333015441895e+00
-3.807640276598126539e-01 -5.659550508756315823e-01 2.873910145813159733e+00
3.324000120162963756e-01 -3.038999974727630837e-01 2.807899928092956632e+00
9.119999408721923828e-01 -1.260000467300415039e-01 1.741999983787536621e+00
1.800000667572021484e-01 -4.799997806549072266e-02 1.400000095367431641e+00
-4.947618941466013776e-01 4.355714425208076501e-01 1.826095251809983111e+00
-7.751999855041503684e-01 4.560000896453857144e-02 2.405599975585937411e+00
1.720000108083089285e-01 -7.879999975363413123e-01 2.646999994913736831e+00
-1.290444435896696884e+00 4.091111112523961868e-01 1.608222219679090736e+00
-3.551999807357787975e-01 5.033999562263489214e-01 1.746200013160705611e+00
-9.621950620558203382e-02 2.341463653052725316e-02 1.726414647044204997e+00
-7.485713845207578321e-02 4.765714463733491391e-01 1.545142849286397224e+00
2.050949108861658821e-01 1.813138958311429072e-01 1.029182480199493543e+00
1.163032285628780249e+00 -8.669032271831266234e-01 2.577935511066067775e+00
-5.468674531902175673e-01 -6.685301130076488629e-01 2.125132506152233258e+00
-6.052938980214735837e-02 4.916470752042882419e-01 1.835352960754843332e+00
2.818827661091849435e-04 -8.642818791754294239e-01 2.712469774604643558e+00
-1.093924511153743007e+00 2.733962468381198052e-01 1.776981135584273508e+00
-7.952966971711797894e-01 1.822417843472826648e-01 2.176703316824776913e+00
-2.376922974219689011e-01 -1.836923085726224480e-01 3.022676941064688094e+00
-1.891578862541600237e-01 8.160001478697123667e-02 1.630400016433314336e+00
-3.962856999465397267e-01 -2.322142904713040412e-01 3.019928614298502456e+00
3.547058946946087810e-01 8.394118734434538598e-02 1.228647060254040912e+00
-3.897391187478296271e-01 -3.638385038198151400e-01 3.174099393512891609e+00
-5.967999875545502153e-01 6.119999885559082031e-01 1.480399982134501080e+00
-3.455454526525555403e-01 -1.522726976510250241e-01 2.882363669800035666e+00
-3.127317050608193205e-01 -1.195609802153052292e-01 2.821853649325487101e+00
-4.925999889771143780e-01 6.690002679824828824e-02 2.471199957529703894e+00
-7.459009850379263451e-01 2.211683221382669817e-01 2.124871253967285156e+00
4.036421361722444257e-01 3.900631917150397254e-01 1.227515795356348915e+00
-1.446666717529296875e-01 -2.646666500303480607e-01 1.657333307796054367e+00
-2.945357050214494898e-01 3.810535935418946640e-01 1.966517882687704999e+00
-3.856941026799818872e-01 -4.698352799696080551e-01 2.974752967497881873e+00
-4.476410232038579573e-01 4.431282108665531294e-01 1.827589757422096728e+00
3.629039372167279769e-03 2.303225869132626558e-01 1.281548383735841234e+00
1.480800056457519664e-01 1.992000341415405273e-01 1.185440011024475160e+00
2.042963166295746202e-01 -2.696293813210946452e-02 1.375703724814050011e+00
3.542069073381095001e-01 6.227589886764000465e-02 1.259517291496540015e+00
-8.146153734280512371e-01 -8.169230589499840156e-02 1.933769244414109467e+00
3.539999961853027566e-01 2.658000349998473899e-01 1.010599994659423739e+00
3.105000058809916363e-01 6.050005555152893066e-02 1.259000053008397346e+00
1.054285679544721271e-01 -1.196142869336264569e+00 2.879000033651079260e+00
9.951999346415202341e-02 2.858400249481201083e-01 1.265680023829142353e+00
-6.179999709129333496e-01 -1.920000314712524414e-01 2.450000047683715820e+00
5.018620888392130164e-01 -3.176551714710805774e-01 2.674103479275758311e+00
-2.432876564052006974e-01 1.256712397483930321e-01 1.730410971053659042e+00
-1.140705890515271381e+00 5.304706096649169922e-01 1.433970596860436819e+00
8.538837321968966165e-01 -1.783953433813050826e-01 1.763558150723923079e+00
-3.965454535050825791e-01 -3.867272463711825536e-01 3.020545504309914531e+00
-6.743999862670898571e-01 -4.048799943923950262e-01 2.017520074844360245e+00
-6.067397129045773996e-01 -4.165479402019552913e-01 2.224876766335474265e+00
-1.089529395103454590e+00 5.114117650424733208e-01 1.503764692474814035e+00
-4.821202853568514746e-01 -4.166616515109413665e-01 2.673308313341069109e+00
-2.621738858844923081e-01 2.919130584468012102e-01 1.916260874789694091e+00
4.908000151316324611e-01 2.604000329971313255e-01 9.643999934196472168e-01
2.535505723417474933e-01 3.924270011066051111e-01 1.177123600177550689e+00
4.240000247955322266e-01 -5.860000054041544226e-01 2.599999904632568359e+00
4.945000145170423966e-01 -1.052999993165333992e+00 3.068000031842125885e+00
5.944235493155086703e-01 -3.634588171454036787e-01 2.612141157599056296e+00
-2.799995740254719936e-02 2.999999920527140485e-01 1.358000000317891365e+00
-6.276521760484446988e-01 -6.071738989456839652e-01 1.920304360597030024e+00
1.056455751008625321e-01 4.154431367222266580e-02 1.227670891375481244e+00
1.181999921798706055e+00 -1.055999994277954102e+00 2.701999902725219727e+00
-5.765454335646196249e-01 -5.994545275514776561e-01 2.107454516670920430e+00
1.181999921798706055e+00 -3.960000276565551758e-01 2.257999897003173828e+00
-8.591162784155025323e-01 1.333255892576173385e-01 2.176372117774431292e+00
5.547172168515763363e-02 -2.287924514626556993e-01 1.776528304477907660e+00
8.038571448553175625e-01 -9.555714272317432645e-01 2.681714330400739588e+00
-6.129999845116226309e-01 -5.223333239555358887e-01 2.078333364592658050e+00
-8.406067356634675525e-01 -1.766290155689368216e-02 1.924629224820083362e+00
-8.391764625614764883e-01 -3.694705752765430895e-01 1.474941184707716291e+00
-1.242200003067652325e+00 4.128000219662984471e-01 1.614600008726120084e+00
-6.992608703996824326e-01 -3.691304222397182033e-01 1.976391321938970824e+00
-4.649999737739562988e-01 5.400002002716064453e-02 2.498000144958496094e+00
5.115000271797179865e-01 -1.026180008649826059e+00 3.017900028228759801e+00
-4.977209207623504161e-01 3.985116731288821379e-01 1.891023253285607719e+00
3.408000111579895242e-01 1.013999938964843806e-01 1.194200003147125155e+00
-7.427865139554056251e-01 -1.786515016234322892e-02 2.376112380724274775e+00
-7.856808437945994594e-01 -6.692553118188330208e-01 1.774808514625468181e+00
-6.594545272263613311e-01 -8.064545392990112305e-01 2.036818179217251945e+00
1.070000092188517327e+00 -8.319999774297078821e-01 2.570000012715657700e+00
-1.032750040292739868e+00 -7.455000132322311401e-01 1.769000008702278137e+00
-6.135737534429206441e-01 -4.754753933578241276e-01 2.131508194032262438e+00
-1.034999958106449652e-01 -3.200892848627908127e-01 1.636571448828492814e+00
3.491250127553939819e-01 -1.361249983310699463e-01 1.606999993324279785e+00
1.514062620699405670e-01 4.575001634657382965e-02 1.232750009745359421e+00
-8.973513460374092920e-01 -1.684324150686865584e-01 1.525567577765868599e+00
6.046615582246046561e-01 -1.029276944123781679e+00 2.975415404026324762e+00
-3.101052516385128799e-01 1.185789578839352293e-01 2.420315836605272608e+00
6.068919043283205195e-01 -7.191486394888645384e-01 2.431473015127955328e+00
3.669677549792874083e-01 2.632258322931105288e-01 9.741935460798202273e-01
-6.451139223726489735e-01 -2.669620000863376919e-01 2.276607622074175552e+00
3.171426909310477021e-02 -1.131428650447300482e-01 1.796000003814697266e+00
-1.434999893109003832e-01 -3.163499981164932251e-01 1.615250010291735316e+00
9.307500720024108887e-01 -8.790000081062316895e-01 2.746999979019165039e+00
-1.471162646315818667e-01 5.800930437191512690e-01 1.675813953081766838e+00
1.200000047683715820e-01 -7.200002670288085938e-02 1.453999996185302734e+00
5.569756379941614988e-01 -6.351218281722650905e-02 1.524975619665006388e+00
8.233333693610297432e-01 -1.019833321372668022e+00 2.826166656282213197e+00
3.023376789959994482e-01 -9.116872564538733292e-03 1.376233786731571263e+00
-6.430769203565059877e-01 -3.176923073255099039e-01 2.222923129032819745e+00
8.424178913458070239e-01 -1.067641779557982451e+00 2.773820930452489009e+00
7.076250016689300537e-01 5.482500195503234863e-01 1.944499991834163666e+00
-3.475555534716005535e-01 2.115555736753675642e-01 2.256444330568666778e+00
3.022222415900524539e-01 7.733335612732687714e-02 1.225555561206958854e+00
-1.508410990795242546e-01 1.269532787465603441e-01 1.574112152384820495e+00
8.966769511883075916e-01 -7.661538380842942697e-01 2.457476784632756317e+00
-5.969999873939948465e-01 -1.015405057351800533e+00 2.523746839052514179e+00
2.820000648498535156e-01 -1.439999341964721680e-01 1.598000049591064453e+00
-1.505999790297614105e-01 -2.727333108584086285e-01 1.621000021033816907e+00
7.036595851817029068e-01 -8.042553637890106216e-03 1.474808522995482152e+00
4.036610476714743156e-01 -4.674576150495453608e-01 2.671084777110040331e+00
1.476000070571899525e-01 -4.879998366038004742e-02 1.396400070190429776e+00
8.393684311916953522e-01 -5.535789383085150117e-01 2.404210492184287506e+00
-8.074799990653991344e-01 -4.173599958419799694e-01 1.526780010461807224e+00
-4.291522906998456593e-02 -1.486779330140453326e-01 2.981966111619593907e+00
1.103647063760196501e+00 -1.100470606018515207e+00 2.643058804904713455e+00
5.039999485015869141e-01 4.500000476837158203e-01 1.148000001907348633e+00
2.063773780498864563e-01 6.600002747661662394e-02 1.214566044087679986e+00
7.121695057820465191e-01 -9.762203309495570691e-01 2.982474599854420649e+00
2.227058901506311639e-01 4.881176597931805583e-01 1.816117658334619911e+00
-7.464950438773277908e-01 2.773069520988086789e-01 2.026613898796610247e+00
-8.681250102818012238e-01 7.031252980232238770e-02 1.933625008910894394e+00
-8.857499882578849792e-01 4.620000123977661133e-01 1.654249966144561768e+00
-1.800000667572021484e-02 2.400000095367431641e-01 1.400000095367431641e+00
-3.946153727861551053e-01 3.698654048717938680e-01 1.970173102158766509e+00
5.200000603993733955e-02 -1.499999761581420898e-01 1.860000054041544670e+00
-4.799997601015814491e-02 5.705172686741269983e-01 1.466517251113365505e+00
1.396744223528130213e-01 -3.643255732780278922e-01 1.784279072007467493e+00
3.651613035509663208e-01 -4.750967564121369446e-01 2.688064562377109112e+00
7.421052581385562119e-01 3.757896548823306399e-02 1.429684218607450763e+00
-6.240000128746032715e-01 -3.960000276565551758e-01 2.203999996185302734e+00
-1.094747645832667926e+00 4.323925381508942900e-01 1.625644874349932767e+00
6.896666950649685823e-01 -1.007333315081066605e+00 3.017666717370351304e+00
-1.476278887238613446e-01 -5.106975865918536583e-02 2.790883768436520640e+00
1.984000285466512026e-01 -9.679996172587077008e-02 1.493200031916300352e+00
-6.164999753236770630e-01 -3.802499820788701190e-01 2.234750052293141831e+00
-8.115999966859817061e-01 2.850000460942586286e-02 2.080500050385793109e+00
2.160000205039978027e-01 2.100000381469726562e-01 1.055000066757202148e+00
2.037108662616775590e-01 8.775904666946594823e-02 1.174819288483585300e+00
-7.347640415255942692e-01 -3.156404495239257812e-01 1.923483157425784018e+00
8.602641730938317410e-01 -9.722264116665102485e-01 2.718867933975075868e+00
7.521000226338704353e-01 -9.747333268324533950e-01 2.926566682921515561e+00
-1.096438347476802466e+00 5.470685044380083628e-01 1.431232875340605393e+00
4.140000343322753906e-01 -1.544999778270721436e-01 1.494500041007995605e+00
-7.305245888037760205e-01 -4.106557349689671232e-01 1.820983620940661796e+00
-6.892653022493634429e-01 -7.302857053523160724e-01 2.025469434504606259e+00
-3.986938656592855512e-01 5.005714066174565824e-01 1.740897979055132216e+00
3.555824298125047078e-01 1.736044228731930816e-01 1.072703313041519335e+00
2.054482986187112781e-01 -8.162068704078936920e-02 1.470551725091605366e+00
-1.232086972913880363e+00 -1.204347835070845030e-01 1.584521744562231937e+00
-4.337142876216343312e-01 4.620000123977661133e-01 1.804571441241673124e+00
1.541739270307015686e-01 2.260869655056276309e-02 1.274695665939994393e+00
1.034054079571285756e-01 2.297297361734751131e-01 1.233243254927901544e+00
6.900004545847575332e-02 -3.770000139872233258e-01 1.762000004450480217e+00
2.533500075340270885e-01 -5.369998514652252197e-02 1.436000010371208280e+00
-5.984999885161718103e-01 -6.548333217700322839e-01 1.879499998357560875e+00
1.007142869793638956e-01 -2.698775274412972824e-01 1.787428572469828003e+00
3.001666863759358539e-01 1.525000035762786865e-01 1.091166685024897332e+00
-3.940799856185913108e-01 6.144004344940185575e-02 2.507599973678588778e+00
-6.599999864896138879e-01 5.039999485015869141e-01 1.646000027656555176e+00
-2.111249938607215881e-01 7.818751782178878784e-02 1.657812479883432388e+00
4.739999771118164062e-01 -1.139999628067016602e-01 1.610000014305114746e+00
2.531379399628475024e-01 9.393103163817832779e-02 1.180172414615236587e+00
8.541017090533412626e-01 -5.683050788728530867e-01 2.379423743587429030e+00
-8.123793057326612610e-01 -3.271034483251900604e-01 1.629034500697563503e+00
-3.621425586087363008e-02 4.249285906553268433e-01 1.393250048160552979e+00
9.031343495667870647e-01 -1.062089453882245904e-01 1.774417891431210537e+00
1.531580561085751219e-02 1.728947664562024700e-01 1.245578938408901770e+00
4.800000190734863281e-01 -2.220000028610229492e-01 1.841000020503997803e+00
-5.858028136508565131e-01 -5.185352060156809273e-01 2.176873250746391264e+00
-4.965818101709539301e-01 -4.363580183549360864e-04 2.587018190730701939e+00
-8.449821376374789805e-01 2.335178671138627149e-01 2.075267874768802034e+00
7.063846221336951281e-01 2.007692593794602534e-02 1.423538460181309695e+00
-6.248000105222065725e-01 -5.052000085512796668e-01 2.063199965159098426e+00
-6.844999939203262329e-01 6.119999885559082031e-01 1.457500020662943596e+00
-1.799999925825331026e-01 1.806666957007514174e-01 1.634133349524603984e+00
5.759999752044677734e-01 -9.000003337860107422e-02 1.603999972343444824e+00
-1.041512207287113911e+00 -2.897558270431146304e-02 1.592292701325765503e+00
-4.883074577038104547e-02 -2.255999986941997770e-01 3.114153909683227361e+00
1.077575816048516183e-01 -2.159393905389188628e-01 1.809454557871577718e+00
1.088571477504003682e-01 -3.642857060545966474e-01 1.767428579784575016e+00
-2.968982953136249936e-01 5.275423930863202271e-01 1.726847470816919250e+00
-6.912972927093505859e-01 -7.683783726649241475e-01 1.976000021169851406e+00
4.950000107288360374e-01 2.458500117063522339e-01 9.869000032544136269e-01
8.399999141693115234e-02 4.300000270207722797e-01 1.360000054041544670e+00
-8.812499865889549255e-01 -6.247499957680702209e-01 1.646000027656555176e+00
5.064923414817222858e-01 3.941539250887357571e-02 1.327169234936053988e+00
-7.124347738597703872e-01 -5.287825957588527803e-01 1.624869582445725102e+00
-4.109062384814023972e-01 -8.585625011473894119e-01 2.377718769013881683e+00
5.720613020976991064e-02 1.254045881387841621e-01 1.083145043322148116e+00
5.400002002716064453e-02 -9.599995613098144531e-02 1.891999959945678711e+00
-7.193333042992485771e-01 -5.259999963972303849e-01 1.593333350287543304e+00
4.051538766958774906e-01 4.676923247484060520e-01 2.023000069153614522e+00
2.565000123447842006e-01 -1.851666602823469343e-01 1.664333323637644524e+00
3.556000137329101696e-01 1.173600101470947260e-01 1.172000013987223310e+00
-3.978529274463653564e-01 4.711766453350291206e-02 2.531000021625967378e+00
4.696363969282670303e-01 -1.205181809988888908e+00 2.929181846705350090e+00
6.331036830770558899e-02 2.275877985461004834e-03 1.288068964563567009e+00
-9.447894734248780679e-01 4.891579088411833198e-01 1.577315796885573995e+00
4.495000094175338745e-01 -8.124997715155284073e-02 1.528500020503997803e+00
-8.054117651546702783e-01 3.268236272475298632e-02 2.225741234947653524e+00
7.050517365850251794e-01 -2.182758594381398187e-01 1.766103450594277202e+00
-7.605681669982996551e-01 -3.210681825876235962e-01 1.828727288679643070e+00
3.780000209808349609e-01 1.620000600814819336e-01 1.105999946594238281e+00
3.524117785341599474e-01 1.967647356145522108e-01 1.030470581615672288e+00
-3.451578930804604095e-01 4.313158068740576834e-01 1.877631582711872360e+00
3.050769384090716851e-01 1.126153866449991908e-01 1.164461557681743864e+00
4.030169794114969450e-01 1.481695074146076874e-01 1.132237280829478054e+00
4.054054376241323365e-01 -5.675670262929555579e-03 1.380621637846972449e+00
-6.141599822044372381e-01 -2.244000005722045776e-01 2.432360048294067489e+00
3.030937667936086655e-01 -6.703123077750205994e-02 1.475187510251998901e+00
-1.047370795453532288e+00 3.346516871720217612e-01 1.787438195742917957e+00
4.965132770285142216e-01 -2.198230059800949654e-01 2.719575234219036464e+00
-8.759999871253967285e-01 1.019999980926513672e-01 2.078000068664550781e+00
2.590000152587890736e-01 1.648000280062357492e-01 1.058600040276845400e+00
-6.246666775809394112e-01 -2.973333332273695451e-01 2.311999956766764175e+00
2.538387179374694824e-01 1.484516282235422424e-01 1.084129033550139454e+00
-6.762857045446123427e-01 -9.750857029642377993e-01 2.527828611646379731e+00
-2.399992942810058594e-02 2.460000514984130859e-01 1.297999978065490723e+00
3.444000124931335671e-01 1.560000181198120117e-01 1.098200011253356978e+00
1.297133345074123811e+00 -9.210666630003186972e-01 2.483933379915025608e+00
1.091250106692314148e-01 1.117500290274620056e-01 1.108624964952468872e+00
-2.009347754976023859e-01 -1.197391307872274629e-01 1.636869586032369872e+00
-7.497999926408132065e-01 1.534000039100646973e-01 2.239400029182434082e+00
1.580367153937663471e-01 -5.689541221758641631e-01 2.741633019316087161e+00
-2.325454516844316089e-01 -1.036363731731067966e-01 2.869454586144649433e+00
-9.450796462793266128e-01 -6.595752102083864976e-01 1.679876108085159636e+00
-7.312727254448514458e-01 -1.610908851479039006e-01 2.120545423392093731e+00
-7.327241342643211475e-01 -5.097931058242403113e-01 1.677034482873719368e+00
-6.719999909400939941e-01 -3.480000495910644531e-01 2.101999998092651367e+00
-1.599999268849690640e-02 3.519999980926513672e-01 1.351999998092651367e+00
1.431428534643990613e-01 -4.594285488128662109e-01 2.856285742350987089e+00
6.019091077826239644e-01 -1.069874984974210852e+00 2.973193214698271358e+00
1.051836776084640462e-01 -5.668571368366682739e-01 2.770979625027195858e+00
-1.157142945698329400e-01 -7.019999878747122946e-01 2.856285742350987089e+00
2.533636450767516868e-01 1.864909377965060233e-01 1.021672718091444443e+00
-3.971399879455566606e-01 3.931800341606140337e-01 1.928240010738372812e+00
-1.260000467300415039e-01 -3.480000495910644531e-01 1.651999950408935547e+00
-8.126666612095303499e-01 6.577780953160038135e-02 2.227333386739095200e+00
1.302440282775134579e-02 2.683902688142729698e-01 1.293756107004677469e+00
-9.995624832808971405e-01 4.993124846369028091e-01 1.539500005543231964e+00
4.966388029210707517e-02 -3.218823501041957469e-01 1.735899176918157982e+00
-4.841714086986723675e-01 -5.194857080777486313e-01 2.525257149196806328e+00
3.964000304539998520e-01 2.980000336964925278e-01 1.113199981053670351e+00
4.690909168936989726e-01 -5.350908853790976583e-01 2.598909031261097180e+00
5.869091315702958944e-01 -5.075454576448961141e-01 2.554181879216974593e+00
-2.845714092254638672e-01 -1.885714360645839027e-01 2.984857150486537325e+00
-7.380789416401010161e-01 -2.194736819518239845e-01 2.026526356998243017e+00
-5.159999728202819824e-01 -7.355999827384949175e-01 2.145200061798095525e+00
-1.064999997615814209e+00 2.519999742507934570e-01 1.754000067710876465e+00
-9.879310233839626587e-01 4.632414003898357446e-01 1.609793103974441086e+00
5.727691833789532172e-01 -1.221692296174856418e+00 2.946153787466196050e+00
3.537142976881965661e-01 4.752382588764977878e-02 1.282761899251786408e+00
5.604000186920166104e-01 -8.328000068664551114e-02 1.575200004577636648e+00
3.870000243186950684e-01 -1.499999761581420898e-01 1.622000038623809814e+00
-7.959529385847203820e-01 -6.227999932625714052e-01 1.773905888725729518e+00
-5.238000094890594704e-01 -7.046999961137772051e-01 2.167100071907043457e+00
4.170000288221571427e-01 2.683333555857340680e-01 9.471666945351494560e-01
-6.973529341174107277e-01 3.442941202836878323e-01 1.928176483687232601e+00
1.051666703489091692e-01 -1.366665462652842146e-02 1.325000002980232239e+00
1.283999919891357422e+00 -6.719999909400939941e-01 2.444000005722045898e+00
-8.098947353530348003e-01 7.905265113763641771e-02 2.279578995286372756e+00
-4.413043519724970110e-01 -5.668260809304057624e-01 2.625869569571122053e+00
3.548659921921405447e-01 -6.190206095115425855e-01 2.628979396574275817e+00
4.547368476265354897e-01 1.326313144282290774e-02 1.357684242097954908e+00
-7.946341401193199871e-01 5.780000163287650761e-01 1.474341471020768291e+00
4.620000123977661133e-01 -1.194000005722045898e+00 3.071000099182128906e+00
-4.031186447305194487e-01 -1.068305068096872201e+00 2.711152509107427999e+00
-4.233330488204956055e-02 -3.530000150203704834e-01 1.675999999046325684e+00
2.624999731779098511e-03 6.356253474950790405e-02 1.162250034511089325e+00
-3.294000089168548362e-01 -6.615999917189280266e-01 2.919200034936269006e+00
2.042168895882296165e-01 3.014459380184311352e-02 1.276602419025926638e+00
-7.038750015199184418e-01 -5.501249916851520538e-01 1.638875015079975128e+00
-4.538611138221061020e-02 4.824356537054080851e-01 1.427029714725985388e+00
5.423439480364322662e-02 3.817500276491045952e-01 1.325703136622905731e+00
8.819999694824218750e-01 -6.480000019073486328e-01 2.348000049591064453e+00
-7.952957690601617502e-01 5.992394131673893787e-01 1.436084515611890433e+00
-1.044382988138401691e+00 5.134468230795352639e-01 1.508127663997893553e+00
1.255324702758293665e+00 -8.678571411541530223e-01 2.474038938423255729e+00
3.648000240325927623e-01 -4.799997806549072266e-02 1.446799969673156827e+00
4.520597119829548038e-01 -3.152235586251785765e-02 1.418358213865934969e+00
5.250000953674316406e-01 -5.860000054041544226e-01 2.543999989827474106e+00
-2.666666242811415177e-01 3.146666818194919224e-01 1.932666685846116783e+00
-7.260000109672546387e-01 -1.979999542236328125e-01 2.101999998092651367e+00
1.375263239208020793e-01 -3.228947363401714066e-01 1.792368415154908856e+00
-9.739999969800313684e-01 -3.399999936421712055e-01 1.400000095367431641e+00
4.110280687563887536e-01 -5.239065306208957606e-01 2.640149522050518893e+00
-1.048500004022017817e+00 4.945434811322585444e-01 1.533630446247432610e+00
8.040000029972621531e-01 -2.477142299924577906e-01 1.760000033038003009e+00
-9.734578890221140535e-02 4.952523385252908250e-01 1.830710295204804217e+00
-7.260000109672546387e-01 -5.670000016689300537e-01 1.672999978065490723e+00
-1.490454375743865967e-01 6.280909776687622070e-01 1.592681835998188467e+00
2.525581481844879628e-01 4.200697998667872191e-01 1.131534875825394026e+00
5.580000010403719513e-01 -3.927269848910244776e-02 1.461636402390219969e+00
-6.539999941984812049e-01 2.514999806880950928e-01 2.093500018119812012e+00
-9.425753444841463713e-01 4.675890631871680858e-01 1.617643847857435979e+00
-3.117073134678166046e-01 2.809757139624619038e-02 2.574975641762338174e+00
-1.245678835541662588e+00 3.748905310665603952e-01 1.671138680764358453e+00
-9.478285721370152128e-01 6.015428134373256297e-01 1.395885780879429383e+00
-2.323636358434503779e-01 4.090909090909091161e-01 1.953636397014964610e+00
-8.999999960263570520e-01 -2.859999736150105609e-01 1.400000095367431641e+00
-2.489999532699584961e-01 -9.599995613098144531e-02 1.651999950408935547e+00
1.740000247955322266e-01 4.320000410079956055e-01 1.097000002861022949e+00
-6.962834577860794738e-01 5.374960674075629496e-01 1.576551188634136569e+00
-8.420547875639510238e-01 5.150959165128943251e-01 1.567506850582279565e+00
-4.995584425988135457e-01 -7.664415503477121083e-01 2.177584428291816199e+00
-1.010721602390721868e-01 5.268247742013832946e-01 1.775649487357778611e+00
1.903636672280051567e-01 -2.127272865988991402e-01 2.962727286598898946e+00
-1.903030222112482295e-01 -4.238787829273878982e-01 3.031030315341371573e+00
6.503571612494332133e-01 -9.942855153764997012e-02 1.638714309249605483e+00
2.573077036784245375e-01 -3.853843303827138994e-02 1.412692294670985227e+00
-1.243967210660215317e+00 4.052460389059098222e-02 1.711213115785942707e+00
-1.045105270649257401e+00 3.677368618940052292e-01 1.769710537634397785e+00
-7.143703559298574257e-01 -3.229629610791618366e-01 1.980074089250446923e+00
-4.950280261931018222e-01 3.788972168325263623e-01 1.924018703888509929e+00
2.108000119527181082e-01 -8.983999888102213172e-01 2.544399992624918561e+00
9.854999780654907227e-01 -5.939999818801879883e-01 2.276000022888183594e+00
7.837499976158142090e-01 -8.384999781847000122e-01 2.644999980926513672e+00
-2.915999937057495162e-01 5.114400005340575817e-01 1.757840037345886230e+00
6.535345007633340808e-01 -2.620344573053820514e-01 1.760413814207603123e+00
-3.444827610048754596e-01 -4.326206856760485553e-01 3.082586218570840586e+00
-4.468888861161691151e-01 3.870555791589949113e-01 1.924944455976839386e+00
-4.468292656952772557e-01 5.836097709531706812e-01 1.576439031740514141e+00
3.780000209808349609e-01 -1.979999542236328125e-01 1.576999962329864502e+00
5.515384857471172797e-01 -4.892305227426382158e-02 1.488153842779306180e+00
5.559000134468078391e-01 8.377501070499419888e-02 1.279850003123283342e+00
-8.667058886266222340e-01 1.235294178420422162e-01 2.135411772073483760e+00
-7.827529318192425478e-01 -1.665880539838005686e-02 2.124447028777178392e+00
1.187035671302250517e+00 -9.670714257018906412e-01 2.581678599119186401e+00
4.830000400543212891e-01 4.559999704360961914e-01 2.044999957084655762e+00
5.018709936449604614e-01 -6.116126814196186368e-02 1.475677428706999805e+00
-9.636841635955006868e-02 4.435263202901472135e-01 1.925947378601944315e+00
-8.435121898244066774e-01 -7.256341358510459694e-01 1.823512209624778890e+00
-6.754117526260077220e-01 -5.594117559638678294e-01 1.819294130100923335e+00
-5.096904887366540682e-02 -7.093608195019751594e-01 2.809195813444471668e+00
5.538930561453263568e-01 -6.161711126725304410e-01 2.518502696950168041e+00
-1.101449987292289823e+00 2.382000088691711426e-01 1.761800023913383528e+00
3.053333494398329240e-01 -1.159333348274230957e+00 2.794666740629407897e+00
-2.235789612719887298e-01 1.250526403125963582e-01 1.694631595360605258e+00
-7.611428414072308746e-01 -4.704999838556562231e-01 1.625785732553118645e+00
-8.942195024432205708e-01 -5.750487752077055870e-01 1.677463413738622844e+00
3.731099497370359182e-03 3.331260550923708097e-01 1.329260519572666777e+00
-3.949999875492519741e-01 2.603333658642238979e-01 2.162166774272918701e+00
6.016923280862661594e-01 -1.029230692447760109e-01 1.630307711087740419e+00
4.646250009536743164e-01 -1.016249954700469971e-01 1.576625004410743713e+00
-6.031578810591446960e-01 2.030526399612426758e-01 2.194842037401701251e+00
9.119999408721923828e-02 5.400002002716064453e-02 1.194799995422363370e+00
1.127052645934255581e+00 -7.534736834074321488e-01 2.491052727950246570e+00
9.390000104904174805e-01 -1.200000047683715820e-01 1.805000007152557373e+00
6.330003023147583174e-02 -9.340199899673461426e-01 2.633239998817443972e+00
6.006315883837247682e-01 -5.478945531343158704e-02 1.528210542703929642e+00
1.690000196297963553e-01 -6.855000009139379236e-01 2.694500088691711426e+00
6.970318578610754656e-01 -1.013617827634143209e+00 2.971235692880715540e+00
-8.418214214699608622e-01 4.654285950320107834e-01 1.661321416497230530e+00
1.424999982118606567e-01 2.152499854564666748e-01 1.226749986410140991e+00
-9.173912414606066879e-02 4.833043571831523444e-01 1.572956524033477299e+00
-8.476999973257383081e-01 5.950500110785166274e-01 1.430300003290176480e+00
1.005935086832418168e+00 -9.192857099817944855e-01 2.423116956438337244e+00
-1.029000043869018555e+00 4.079999923706054688e-01 1.705999970436096191e+00
-6.629999923078637725e-01 -3.784736614478261818e-01 2.082578997862966297e+00
-1.529166441824701128e-01 -7.132499938209851953e-01 2.860291709502538193e+00
-4.932857042267209113e-01 6.135714281172979234e-01 1.511000011648450547e+00
2.563902546719806774e-01 1.770731879443657175e-02 1.315707320120276469e+00
-3.779999812444050922e-01 5.580000877380371094e-01 1.651999950408935547e+00
1.072500109672546387e+00 -1.023000001907348633e+00 2.619499981403350830e+00
1.186999956766764397e+00 -7.799999862909317017e-01 2.679500043392181396e+00
-2.625517064127428912e-01 2.702069200318434894e-01 1.886827579860029580e+00
5.625000198682149621e-01 1.620000600814819336e-01 1.157000054915745979e+00
-1.924285643867083839e-01 -6.701784580945968628e-02 1.664589276271206897e+00
1.206452851025563433e+00 -1.012188665147097710e+00 2.520867932517573351e+00
2.567142957732790887e-01 3.687143041974022539e-01 1.219357152779896980e+00
5.042927090714617311e-01 -2.809753214440694619e-02 1.417926826128145468e+00
7.200002670288085938e-02 -2.199999888737996512e-01 1.864000002543131584e+00
-4.549354843554958006e-01 -5.670967678869923700e-01 2.575903254170571532e+00
-8.509756089226017117e-01 -5.736585317588434041e-01 1.672878047315085714e+00
8.220000267028808594e-01 -1.319999694824218750e-01 1.814000010490417480e+00
-7.944782570652340059e-01 -4.169347778610560940e-01 1.576934788538062016e+00
4.044905968432156440e-01 4.911509493611893595e-01 1.977641527382832720e+00
-1.791176410282359355e-01 -2.606470304376938829e-01 1.606999993324279785e+00
4.396097660064697266e-01 -1.195609773077615928e-01 1.521024410317583841e+00
1.992340654346114459e-01 -1.704680750556026025e-01 2.936255333271432288e+00
3.179999987284342633e-01 -1.380000114440917969e-01 1.603999972343444824e+00
-6.450769182963248527e-01 -9.893846206175975766e-01 2.575076959072015281e+00
3.569663012965341720e-01 -1.221573084927676800e-01 1.576157310035791292e+00
-4.809999863306681500e-01 1.080000400543212891e-01 2.403999964396158706e+00
1.561463547915947214e-01 1.125365873662436816e-01 1.115658539097483581e+00
-9.952843894652270151e-01 -3.173944939167127610e-01 1.423504593175485500e+00
3.224999904632568359e-01 5.115000009536743164e-01 1.956500023603439331e+00
-2.302500039339065441e-01 -7.739999592304229459e-02 1.642400017380714505e+00
5.587885788508824003e-01 -1.026480007171630904e+00 3.027611450467790899e+00
5.399999618530273438e-01 4.620000123977661133e-01 1.651999950408935547e+00
-8.619717644973540205e-02 5.287605809493803877e-01 1.580845078951875982e+00
-8.939199924468994585e-01 5.647200552622476666e-01 1.465600015322367389e+00
-8.943608936510587526e-01 -3.198496219807101526e-01 1.385203019120639478e+00
5.545000116030375237e-01 -7.517999957005182532e-01 2.442400038242340088e+00
-1.806486426173029847e-01 -1.096216150232263570e-01 1.655405379630423779e+00
-1.144687502334515328e+00 3.695000198980172290e-01 1.725750012944142098e+00
5.118000328540801558e-01 -1.343999922275543324e-01 1.658299988508224576e+00
-5.159999728202819824e-01 -6.899999976158142090e-01 2.194999933242797852e+00
-5.666665236155191826e-02 -9.993333286709256136e-01 2.666000048319498550e+00
6.554719412101889242e-02 -2.133962230862311571e-01 1.814226427168216249e+00
7.052941275577918612e-01 -7.976470507827460033e-02 1.622588251151290573e+00
-6.438913001962329741e-01 1.800000227015951526e-01 2.225456574688787104e+00
-2.412727159081083372e-01 -1.831816181992039494e-02 1.673090906757296992e+00
-3.446603766027486748e-01 5.206415473290209039e-01 1.725415107214225863e+00
-3.094285556248256297e-01 6.214286259242466359e-01 1.549999952316284180e+00
-7.822105131651225784e-01 -6.277894707102524841e-01 1.813368439674377441e+00
-3.445301199533853387e-01 -4.771077489278402819e-03 2.626602414142654496e+00
-7.987252722729693000e-01 -3.689010876875657430e-01 1.625098916200491184e+00
-4.572631541947673184e-01 -5.195639025896114926e-01 2.626210533586659679e+00
-9.502285701887948077e-01 4.537714242935180775e-01 1.637600019999912782e+00
9.080000718434652063e-01 -8.800001939137776230e-02 1.804000020027160645e+00
1.069090908223932490e-01 6.119999885559082031e-01 1.708727262236855227e+00
4.999615595890925523e-01 -2.307685521932748614e-03 1.387307710372484681e+00
-4.485999981562296401e-01 9.449999729792277203e-02 2.434800064563751310e+00
-1.626315556074443558e-01 -1.751052549010828907e-01 1.639368443112624307e+00
1.147279415060492136e+00 -8.191764617667478543e-01 2.629558833206401047e+00
8.399999141693115234e-02 -3.420000076293945312e-01 1.748000025749206543e+00
-2.980908995324915156e-01 3.310227299278432622e-01 1.925340920686721802e+00
-1.039999948031660459e-01 -1.580869339514469618e-01 1.691913058792335445e+00
-2.699995040893554688e-02 9.599999586741130020e-02 1.100000023841857910e+00
2.028367592363941319e-01 1.433877640840958700e-01 1.076795931981534338e+00
5.527500212192535400e-01 4.020000696182250977e-01 1.259750053286552429e+00
-1.937880705523964686e-01 -1.067682103605459787e+00 2.734622506905865169e+00
4.259999990463256836e-01 5.610001087188720703e-01 1.912999987602233887e+00
-8.077499940991401672e-01 5.032499581575393677e-01 1.596500039100646973e+00
-7.919999957084655762e-01 -6.719999909400939941e-01 1.868000030517578125e+00
1.499999761581420898e-01 -1.037999987602233887e+00 2.815999984741210938e+00
9.240000247955322266e-01 -9.215999841690063477e-01 2.676800060272216619e+00
-7.192499712109565735e-01 -3.390000015497207642e-01 1.940750002861022949e+00
-7.277500058213869361e-01 -3.022499978542327881e-01 1.964250028133392334e+00
8.469730003460033130e-01 -2.821621411555522152e-01 2.518432462537610661e+00
-3.479999899864196777e-01 6.000041961669921875e-03 2.599999904632568359e+00
-7.286086989485699439e-01 -5.452172652534816727e-02 2.270260852316151379e+00
-8.247272561896931142e-01 9.518180652098222339e-02 2.262090834704312492e+00
-9.358301854358529459e-01 2.325849128219316664e-01 2.026830230119093468e+00
3.040000168482462350e-01 1.337600151697794504e-01 1.126399989128112900e+00
3.038216722998649533e-01 -5.681273815738168143e-01 2.680140156654795103e+00
-8.980677895626779650e-01 2.458983154620154321e-01 2.036101700895923461e+00
-3.165882124620325588e-01 1.937647356706506951e-01 2.282000064849853516e+00
-6.522972897903339673e-01 -1.681621445191873176e-01 2.374351385477426746e+00
-7.127999901771545632e-01 1.560000181198120117e-01 2.244800043106079279e+00
4.594054146929903992e-01 -5.714054005640046840e-01 2.591891905208965508e+00
3.030000180006027222e-01 3.487500101327896118e-01 1.712750002741813660e+00
-9.959531100466847420e-01 4.267500229179859161e-01 1.674453121609985828e+00
-1.238377365301240207e+00 1.815283298492431641e-01 1.531547183135770318e+00
-6.037036879563036917e-01 -4.668148049601801852e-01 2.177407420711752639e+00
9.028629724144330293e-01 -7.158883189791955814e-01 2.470832442269107254e+00
-8.786153655785781114e-01 1.443077050722562371e-01 2.115538425934620381e+00
-8.862857052258082957e-01 2.112857358796255969e-01 2.104571427617754065e+00
-8.982680341632095500e-01 2.237319577600538067e-01 2.074659812081720567e+00
-1.763999938964843639e-01 -3.276000022888183594e-01 3.120200061798095614e+00
7.989836090900859222e-01 -6.605409730653293288e-01 2.371065626378919156e+00
-6.624705791473388672e-01 -4.223529357536166540e-01 2.032352957071042354e+00
8.136315847698011305e-01 -8.249210417270660400e-01 2.723078934769881609e+00
-4.194999635219573975e-01 -4.320000012715657367e-01 2.890000025431314956e+00
-9.463809534670815093e-01 2.727619286567445900e-01 1.974095259393964463e+00
7.121605751288198061e-01 -1.014700724695720702e+00 2.934160587561391420e+00
6.083721005639364243e-01 -2.628836936728898843e-01 1.765860468842262554e+00
1.207165072265180550e+00 -1.061184458362246064e+00 2.583398066678093574e+00
-6.303380274436842789e-01 -3.136056325805019473e-01 2.271352103058720928e+00
-1.436571325574602376e-01 -2.334857123238699705e-01 3.109657205854143402e+00
-7.811999917030334473e-01 5.099999904632568359e-01 1.605199980735778853e+00
-2.639999787012736188e-01 4.020000696182250977e-01 1.945999979972839355e+00
6.999000191688538042e-01 -7.079999983310699685e-01 2.410100007057189853e+00
7.800006866455078125e-02 -1.148999989032745361e+00 2.866999983787536621e+00
6.562347205317750065e-01 -1.070051004691999763e+00 2.965142914227076876e+00
-2.861533715174748374e-02 -5.335384423916156305e-01 2.842307659295888911e+00
-1.429314956273118054e-01 -1.542739410922951970e-01 2.980301393221502337e+00
2.130000591278076172e-01 -9.179999977350234985e-01 2.608999967575073242e+00
1.073503236102450464e-01 -6.707770627015715581e-01 2.736585990638489729e+00
-7.188749723136425018e-01 -3.836249783635139465e-01 1.890124991536140442e+00
-7.135932081836765528e-01 -1.196949158684681991e-01 2.228305137763589183e+00
-7.803912940232650142e-01 -1.565207605776579389e-03 2.274434794550356465e+00
-9.520824662188893672e-01 2.322680495448948279e-01 1.979092797053229047e+00
4.042771379631686091e-01 -5.666746924440544397e-01 2.625481951667601788e+00
-5.137894530045358232e-01 -4.266315729994523132e-01 2.531315803527832031e+00
-2.458461380412435837e-01 4.214359246767483969e-01 1.924153856742076396e+00
8.582727518948641832e-01 -6.305454497987573736e-01 2.334472688761624504e+00
-3.149999976158142090e-01 -4.364999830722808838e-01 3.042500019073486328e+00
1.653333504994710379e-01 4.146666924158732281e-01 1.170888909587153748e+00
5.162792150364365479e-02 1.653488652650700053e-01 1.511627920838289452e+00
3.004459666239248650e-01 -8.166081003240637237e-01 2.567324364507520329e+00
8.062963044201886254e-01 -1.819999983281264944e-01 1.768000003732280945e+00
1.725000143051147461e-01 -8.865000009536743164e-01 2.598499953746795654e+00
6.119999885559081892e-02 -1.146000027656555176e+00 2.832800054550170810e+00
2.245000203450520926e-01 5.039999485015869141e-01 1.882499992847442627e+00
1.153920035362243635e+00 -7.223399901390075151e-01 2.480600023269653231e+00
8.255385129879682093e-01 -7.598461447617946840e-01 2.475230754950107581e+00
-1.619999408721923828e-01 -1.499999761581420898e-01 2.947999954223632812e+00
8.916000366210937722e-01 -9.173999905586243120e-01 2.515999984741211115e+00
4.259999990463256836e-01 -1.194000005722045898e+00 2.981600046157836914e+00
8.230588576372932508e-01 -1.129411767510806852e+00 2.843176435021792958e+00
9.030001163482666016e-01 -9.637500047683715820e-01 2.515250027179718018e+00
1.272730755083488702e-03 -9.663636377363493679e-01 2.638636361468921887e+00
1.633334159851074219e-02 4.166668653488159180e-02 1.209333333704206703e+00
9.360000292460123328e-01 -7.599997520446777344e-02 1.802000045776367188e+00
1.840000549952189035e-01 -5.379999677340189246e-01 2.756000041961669922e+00
7.379999955495198938e-01 -6.959999799728393555e-01 2.393999894460042466e+00
8.518421147999010179e-01 -6.601578781479283675e-01 2.370105341861122650e+00
8.056851102950725041e-01 -6.201702044365253741e-01 2.382953177107141496e+00
-9.530096609615584802e-02 4.182524565354134305e-01 1.970407791508054229e+00
-4.962096776693097899e-01 -3.720483712611659666e-01 2.674661332561123928e+00
-8.269090869209982930e-01 5.181818658655339832e-02 2.136909094723788094e+00
9.660000801086425781e-01 -9.254999905824661255e-01 2.806999921798706055e+00
1.000243876038528074e-01 -1.168902437861372823e+00 2.863634170555486858e+00
-6.133329868316650391e-02 -8.506666753027174455e-01 2.757333384619818695e+00
-6.252857233796801362e-01 -2.528571060725620656e-01 2.362571528979710234e+00
2.047764918383430111e-01 -5.663294062894933534e-01 2.721623555351706081e+00
4.022278785705566406e-01 4.429367207273652296e-01 2.064784783351270470e+00
-7.976249940693378448e-01 -6.989999972283840179e-01 1.789624996483325958e+00
-2.924390139618540108e-01 -1.068731691779159831e+00 2.712975583425382364e+00
4.800000190734863281e-01 -7.470000088214874268e-01 2.503999948501586914e+00
-6.145882162393307979e-01 -1.743529333787805780e-01 2.484000047047933091e+00
-3.965255361403862144e-01 5.384233659201295152e-01 1.676919707416617999e+00
2.403157886705900581e-01 -7.023157822458367949e-01 2.655894793962177314e+00
9.022367141655915912e-01 -9.198461485332285470e-01 2.436189401784591979e+00
-8.399999737739562988e-01 1.080000400543212891e-01 2.305999994277954102e+00
-7.489999930063883093e-01 9.771427086421421992e-02 2.339428561074393009e+00
-6.940235222087186573e-01 1.169647146673763460e-01 2.323011706857120107e+00
4.878432844199385998e-02 -9.126274488330666790e-01 2.665098085902095626e+00
-6.179999709129333496e-01 -9.900000095367431641e-01 2.533999919891357422e+00
8.986486808673755933e-01 -5.643243182886827913e-01 2.362486590136279041e+00
8.117143086024692922e-01 -6.844285683972495260e-01 2.415714280945914005e+00
-2.903996467590332087e-02 3.254400062561035312e-01 1.342159991264343155e+00
-9.872999608516692949e-02 -9.689999970793724549e-01 2.716339992284774851e+00
-1.545000076293945312e-01 -6.029999852180480957e-01 2.955500006675720215e+00
-1.108285699571881944e+00 -3.531428660665239527e-01 1.456571442740304034e+00
-7.739999890327453613e-01 -4.489090984517877803e-01 1.613272731954401129e+00
8.960000514984131081e-01 -6.796000003814697266e-01 2.435200039545695194e+00
-8.219999670982360840e-01 -5.099999904632568359e-02 1.955000042915344238e+00
-1.388222217559814453e+00 3.260000061105798874e-01 1.640888911706430031e+00
-6.772173798602559858e-01 -9.832173845042353477e-01 2.568695690320885738e+00
7.469091090289029511e-01 -6.574545349135543226e-01 2.408636360457449221e+00
1.800002043063823887e-02 -8.792307651959933024e-01 2.693692390735332953e+00
-1.074999570846557617e-02 -9.002499928077062341e-01 2.704499920209249009e+00
-5.660322548881653315e-01 -2.207419333919402038e-01 2.584322587136299365e+00
-3.059999942779541016e-01 1.620000600814819336e-01 2.371999979019165039e+00
2.056363821029663086e-01 -5.371363339099016754e-01 2.736772737719796122e+00
-7.084941148757935014e-01 -2.194588212405934047e-01 2.125858803356395210e+00
-7.667368399469476348e-01 -1.307368466728612011e-01 2.037263154983520508e+00
-3.085714238030569656e-01 -6.411428706986563864e-01 2.946285656520298613e+00
6.660000085830688477e-01 -9.851999998092650923e-01 2.991200017929076971e+00
-6.759999924235873259e-01 -1.009333339002397301e+00 2.572000026702880859e+00
-7.949999400547572148e-02 -9.878571416650500092e-01 2.684214345046452177e+00
-7.482608651769333541e-01 -6.913042586782704169e-02 2.177217404047647964e+00
3.685000091791152954e-01 -8.197499836484590796e-01 2.495000123977661133e+00
-1.419230745388911363e-01 -2.627307382913736111e-01 3.122000038623809814e+00
-5.613331794738769809e-02 -9.625333322419060700e-01 2.706799920399983517e+00
-5.474693781259108993e-01 -5.387747774318773185e-03 2.578632675871557201e+00
5.952000021934509277e-01 1.650000274181366022e-01 1.162400025129318282e+00
8.513333267635769808e-01 -6.486666666136847725e-01 2.342666678958468918e+00
9.448064911750054806e-01 -6.114193422179068360e-01 2.321774152017408888e+00
7.014965144070711700e-01 -5.636223708833014712e-01 2.467244685113013425e+00
3.733334011501736327e-02 -4.269333283106486188e-01 2.911466715070936573e+00
1.411428621837071129e-01 -6.102857050441560238e-01 2.815428540820167136e+00
-9.735960384895062103e-02 -4.640689542140866708e-01 2.972532050362948652e+00
3.915000259876251221e-01 -1.197000011801719666e+00 2.913875013589859009e+00
-3.502857202575320184e-01 -9.131428547321803757e-01 2.526285722142174173e+00
-4.380000084638595581e-01 2.580000162124633789e-01 2.157500147819519043e+00
9.508421239797134605e-01 -5.663508699651349509e-01 2.327087664464761119e+00
-3.609889876711499523e-01 -8.715824144227164449e-01 2.525824185256119403e+00
2.034570377876316338e-01 -1.068733017369093430e+00 2.819746609726642372e+00
6.063000135951571723e-01 -6.220999932951397637e-01 2.487966741455925668e+00
6.360000046816739472e-01 -4.478181925686923193e-01 2.553090962496670890e+00
-2.445454380728981636e-01 -6.309089696768557798e-02 1.658818163655020994e+00
7.739999294281005859e-01 -3.899999856948852539e-01 2.498000144958496094e+00
6.465909300428448470e-01 -1.113272723826495003e+00 2.963227315382523930e+00
2.552727352489124746e-01 3.447272994301535665e-01 1.310545433651317149e+00
2.548125106841325760e-01 -7.565624080598354340e-02 1.474625010043382645e+00
1.111800022919972708e+00 -4.194499949614207135e-01 2.290100121498107821e+00
7.041486582240542580e-01 -3.206351326929556267e-01 2.563675724171303294e+00
-9.324000060558319536e-01 2.592000246047973522e-01 2.007800054550171076e+00
4.164000511169433372e-01 6.000041961669921875e-03 2.796800088882446467e+00
1.052347836287125249e+00 -9.182608645895252719e-01 2.466695578201957506e+00
-5.166666375266181291e-03 2.726666927337646484e-01 1.437499996688630821e+00
-8.100000023841857910e-01 2.519999742507934570e-01 2.047999858856201172e+00
-6.278709692339743409e-01 -8.148387016788605219e-01 2.121064482196684864e+00
1.025333351559109207e+00 -8.046666648652818221e-01 2.465333249833848939e+00
4.572187606245279312e-01 -7.774218670092523098e-01 2.482906289398670197e+00
-4.760377227135424438e-01 -4.073207535833682780e-01 2.716830168130262901e+00
-9.440645158931773029e-01 -2.672902973749304301e-01 1.426322592202053263e+00
1.440000057220459095e-01 -9.017999935150146085e-01 2.614400005340576261e+00
2.495000263055165701e-01 -5.604999860127767297e-01 2.759500066439310562e+00
4.044893929298887802e-01 4.224255630310545517e-01 1.174936186760029866e+00
2.550389720247937531e-01 1.244415586644952998e-01 1.127038949495786202e+00
-2.319016339588750482e-03 -9.637914087874758229e-01 2.670638074172786425e+00
4.553919023758656315e-01 -3.704189037954485064e-01 2.683391919007172444e+00
-6.584999896585941315e-01 -9.881249964237213135e-01 2.491250097751617432e+00
6.419999599456787109e-01 -3.420000076293945312e-01 2.654000043869018555e+00
-6.016799839337666489e-01 -2.662399737040201941e-01 2.425040035247802539e+00
-8.541521734517553144e-01 -1.741302272547846225e-02 1.876934786205706418e+00
-1.547368137460005955e-01 -5.308420940449363190e-01 2.914684214090045966e+00
5.034878312087640584e-01 2.258780482338695883e-01 1.024487794899358928e+00
7.440000230615789745e-01 -1.000908938321200259e-01 1.674363629384474361e+00
3.409091017462990703e-01 5.503636706959117442e-01 1.841818197207017338e+00
1.000756781380455873e+00 -8.203783685022646432e-01 2.427783880147848183e+00
2.653636498884721084e-01 -5.777727257121693105e-01 2.692454619841142094e+00
3.032069144577815845e-01 -1.257931055693790878e-01 1.576689662604496389e+00
-1.258124993741512210e+00 3.300750032067298889e-01 1.628075018525123596e+00
-3.638999581336975209e-01 -5.324999779462814553e-01 2.982500016689300537e+00
8.433157958482441208e-01 -3.039473640291314172e-01 2.510789469668739837e+00
4.049189541790936264e-01 -6.324321837038607286e-02 1.467297312375661411e+00
-1.619999408721923828e-01 2.159999608993530273e-01 1.669999957084655762e+00
8.399999141693115234e-02 -7.979999780654907227e-01 2.701999902725219727e+00
1.512167937272078377e-01 -4.161398560850770312e-01 2.820783216636497670e+00
1.126000006993611580e+00 -8.999999960263570520e-01 2.656000057856241714e+00
1.533290455418248321e-01 -8.679483848233376930e-01 2.629961302972608994e+00
9.360001087188720703e-01 -1.019999980926513672e+00 2.552000045776367188e+00
9.552203598669020135e-01 -7.691186376884158182e-01 2.439050868406134054e+00
-1.139999628067016602e-01 -4.679999351501464844e-01 3.013999938964843750e+00
1.104000091552734375e+00 -9.060000181198120117e-01 2.599999904632568359e+00
1.172631673645554873e+00 -9.167368422474777567e-01 2.579157921305873735e+00
2.042143057499613001e-01 4.740535904254232213e-01 1.974607158984456712e+00
6.999428680964878691e-01 -6.978857040405272993e-01 2.384857116426740475e+00
6.567719456745170215e-01 -5.696842053480315471e-01 2.485894797141091850e+00
8.357143402099609375e-01 -1.074285688854399234e+00 2.858285744984944809e+00
7.949400067329406294e-01 -4.601999950408935391e-01 2.462599897384643466e+00
4.516078522002774931e-01 -5.178431327046911781e-01 2.621647080564810661e+00
-3.450666666030883789e-01 -8.466666274600559428e-02 2.767200035519070234e+00
5.383635867725719004e-01 -4.494545568119395762e-01 2.607090863314541984e+00
-6.719999909400939941e-01 -9.884999990463256836e-01 2.484500050544738770e+00
-1.244654872776132848e+00 4.353451496731918224e-01 1.576814168322402843e+00
-1.275749981403350830e+00 4.739999920129776001e-01 1.486999988555908203e+00
5.470590381061329888e-02 2.823088493417291178e-01 1.279249995070345314e+00
-1.289210517155496616e+00 1.796842342928836322e-01 1.540526324196865637e+00
-8.994110358273325057e-01 -6.189938549615122687e-01 1.663374221398055131e+00
4.542666766378614662e-01 -8.093333264191945320e-01 2.489733420477973080e+00
-5.862857103347778320e-01 -1.791428327560424805e-01 2.613714286259242403e+00
6.510000526905059814e-01 -1.015500009059906006e+00 3.064250022172927856e+00
-1.140272734743176031e+00 7.854547283866188112e-02 1.690636372927463382e+00
6.023571539898308069e-01 -6.685408083151798131e-01 2.472163229572529541e+00
9.373333454132080078e-01 -8.266666597790188753e-01 2.834666649500528823e+00
2.982353182399974378e-01 -4.976469628951128710e-02 1.443764693596783832e+00
2.508345404974848258e-01 -8.646906468508054333e-01 2.568705068217764786e+00
-8.219999670982360840e-01 -2.940000295639038086e-01 1.651999950408935547e+00
2.087832372505347978e-01 4.358181970102803504e-01 2.029622421398029619e+00
8.427457728628384714e-01 -4.092203318062475059e-01 2.461084632550255780e+00
-8.945192253360381152e-01 -2.174999966071202162e-01 1.473442317201540952e+00
-3.300000031789143695e-01 5.099999904632568359e-01 1.754000067710876465e+00
4.697142924581255152e-01 -1.349999989782060816e-01 2.789000034332275391e+00
5.039999485015869141e-01 4.259999990463256836e-01 1.708999991416931152e+00
1.420000261730617885e-01 -9.593333337042067033e-01 2.621333334181043639e+00
1.710000170601738700e-01 4.763333466317918319e-01 1.966000027126736160e+00
1.499998569488525391e-02 -5.220000147819519043e-01 2.795000076293945312e+00
2.086829463156258113e-01 -8.749024344653617558e-01 2.579914649812186767e+00
6.393103599548339844e-01 -6.613448180001357812e-01 2.459620566203676528e+00
8.234118012820973442e-01 -3.338823528850780042e-01 2.496235426734475737e+00
5.944687686860561371e-01 -7.049062475562095642e-01 2.461531139910221100e+00
-6.388378360786953758e-01 -3.678648552379092385e-01 2.176756775056993831e+00
1.343076981030977723e+00 -1.032923093208899967e+00 2.564000056340144162e+00
6.365217540575109911e-01 -5.561739050823709674e-01 2.505304305449775892e+00
3.043043639348900764e-01 -3.469562012216319269e-02 1.420869570711384755e+00
4.868823745671440606e-01 -5.073529464357039442e-01 2.608999967575073242e+00
5.563255936600440821e-01 -4.692906841289165576e-01 2.582174435604450480e+00
-6.308181791594533738e-01 -5.169999960697058139e-01 2.025272773973869622e+00
8.511162987051084095e-01 -3.658139456150143465e-01 2.468930174213971096e+00
-5.699999928474426270e-01 -1.920000314712524414e-01 2.591000020503997803e+00
-1.254272737286307615e+00 1.830000227147882685e-01 1.806363653052937002e+00
-7.616385401013385792e-01 -6.725783046469631099e-01 1.828891580363354086e+00
7.210000356038411828e-01 -8.317499905824661255e-01 2.664000044266382705e+00
7.157146930694580078e-02 -6.809999964066913991e-01 2.747642840657915198e+00
2.237647280973546760e-01 -7.298823384677662895e-01 2.646235283683328277e+00
6.696521769399228496e-01 -5.276086809842482905e-01 2.495260995367298840e+00
6.719999313354492188e-01 -9.900000095367431641e-01 3.055999994277954102e+00
5.662499964237213135e-01 -7.905000001192092896e-01 2.509999990463256836e+00
4.800000190734863281e-01 -1.049999952316284180e+00 2.936000108718872070e+00
5.535600074132283055e-01 -5.166799962520599587e-01 2.564160044987996212e+00
1.496923153217022129e-01 9.753844676873622832e-02 1.138461513397021063e+00
7.994579422139675984e-01 -9.109345774784266547e-01 2.634149549163390613e+00
5.414287674994695820e-02 -3.600714192503974287e-01 1.733142875489734447e+00
9.885148482747596610e-02 -8.615049507358286673e-01 2.661663423670400430e+00
-6.878709645681483353e-01 -5.194838643074035645e-01 1.826000014940897698e+00
-1.484515961780343007e-01 7.464518726512950342e-02 1.623096782674071648e+00
4.660000284512837987e-01 -1.221399990717569883e+00 2.979800025622049819e+00
-6.060000061988830566e-01 -1.010999977588653564e+00 2.618000030517578125e+00
-5.052765931220765117e-01 -2.717233858209975317e-01 2.723255312189142963e+00
4.918461701808831688e-01 -6.103076797265273301e-01 2.556769294616503707e+00
4.998037010614125863e-01 -4.650552046079576840e-01 2.618846638802370563e+00
3.480000098546345844e-01 1.199996471405029297e-02 1.351999998092651367e+00
-6.652000029881794951e-01 -2.811999797821044811e-01 2.189999945958455374e+00
3.100754821075583645e-01 -2.700565805974996514e-01 2.834283037005730588e+00
2.546923175836220965e-01 -1.799998222253261504e-02 1.375769249903850078e+00
-7.614246410866306602e-01 -7.142464755332633697e-02 2.129123272961133129e+00
-6.479999974592408618e-01 -2.187761157306272464e-01 2.327044736093549560e+00
1.180465276851210416e-01 -6.301395324773566564e-01 2.747348818668099213e+00
-7.099999907689217293e-01 -5.335384423916156305e-01 1.675846151816539287e+00
-1.470722742827541840e-01 -4.152650538697300053e-01 3.016783157026911244e+00
1.979434265280669569e-01 3.701320954088894721e-01 1.222377363240943815e+00
-4.554693343231032421e-02 -3.634806469659120354e-01 2.972298365271552445e+00
-7.406823494855094836e-01 -4.170352907741771142e-01 1.774894123918870026e+00
-5.024050647699380701e-01 -6.692658142198489868e-01 2.275316473803942863e+00
9.112000306447346487e-01 -6.075999836126962927e-01 2.298800182342529475e+00
-1.227617649471058670e+00 2.358529480064616435e-01 1.621735308100195505e+00
-1.913999795913696178e-01 -1.036800003051757901e+00 2.691200065612792791e+00
-4.151266117386406135e-02 -6.205279107021196561e-01 2.836923853394949013e+00
7.680000305175781472e-01 -9.983999848365783247e-01 2.900000095367431641e+00
-2.305000027020772391e-01 -2.246250013510386057e-01 1.595125029484431023e+00
-8.108333415455287740e-02 3.803333606984879989e-01 1.527833352486292595e+00
9.478310195493026002e-01 -9.577183127403259277e-01 2.431408522834240582e+00
-7.915862003962198523e-01 -1.165517239735044258e-01 1.976896568276416355e+00
9.300000667572021484e-01 -9.959999918937683105e-01 2.486000061035156250e+00
-7.169999778270721436e-01 -3.449996312459310127e-02 2.430500050385793198e+00
6.912000179290771484e-01 -1.194000005722045898e+00 2.912000036239624112e+00
-4.079076803647554983e-01 -5.189538405491755935e-01 2.826615370236910341e+00
6.531147722338066508e-01 -1.178360708424302378e-01 1.672065570706226856e+00
1.167702187883093101e+00 -9.199148885747219229e-01 2.524042555626402340e+00
9.483528978684369060e-01 -1.020705882240744211e+00 2.644117635839125846e+00
1.154774592790989596e+00 -9.191098220086511006e-01 2.624450897205771849e+00
8.660870531330937538e-01 -1.153304343638212881e+00 2.783652212308800777e+00
-8.939999938011169434e-01 -7.019999921321868896e-01 1.654999971389770508e+00
8.419175320064898882e-01 -9.217731928088001014e-01 2.683443334913745204e+00
4.061711535734288669e-01 -7.699892970329937913e-01 2.528962579002992150e+00
-2.760000228881835938e-01 -9.539999961853027344e-01 2.756000041961669922e+00
1.464444531334770927e-01 1.784444738317418899e-01 1.058444486724005706e+00
1.499999761581420898e-01 -1.230000257492065430e-01 1.904000043869018555e+00
6.000002225240071325e-03 -4.980000257492065430e-01 2.936000108718872070e+00
5.535483962746077236e-01 -7.148064461446577145e-01 2.475064500685661084e+00
-2.925282907935808363e-01 -9.182830160518862250e-01 2.727358485167881152e+00
-5.636999949812888655e-01 -1.024650007486343384e+00 2.539399993419647394e+00
4.259999990463256836e-01 -1.019999980926513672e+00 2.939000010490417480e+00
5.036365323596530413e-02 -6.664242347081502649e-01 2.769848524922072119e+00
5.561095982381741853e-01 1.221369896849540809e-01 1.225178089860367470e+00
1.524657647903651381e-01 7.808221529607903277e-02 1.174054807179594651e+00
9.340909719467163086e-01 -8.744999956000935049e-01 2.777545495466752445e+00
1.140000104904174805e+00 -7.080000042915344238e-01 2.641999959945678711e+00
-3.766666540393122653e-01 -6.079999859686251451e-01 2.823888875820018463e+00
7.600005467732746933e-02 -7.900000015894571570e-01 2.696000099182128906e+00
-3.917026938618840548e-01 -5.679729677535392263e-01 2.826054047893833410e+00
4.800000190734863281e-01 -6.480000019073486328e-01 2.552000045776367188e+00
1.052999973297119141e+00 -9.690000116825103760e-01 2.506999969482421875e+00
1.008600044250488326e+00 -9.563999950885773149e-01 2.463799905776977717e+00
-8.460959963798523331e-01 4.827840175628662078e-01 1.624976015090942472e+00
4.873333474000294818e-01 -1.584999793105655308e-01 2.759333398607042298e+00
3.685716220310756436e-02 1.560000181198120117e-01 1.236285720552716905e+00
-1.936969624625312081e-01 -7.175454473254656573e-01 2.877212135478703470e+00
-5.096470485715305365e-01 -7.582941090359407443e-01 2.132705877808963368e+00
-1.046764712707669132e+00 3.890588517282523306e-01 1.727470602474960648e+00
6.412500143051147461e-01 -1.447499394416809082e-01 1.736750021576881409e+00
9.567158172005101324e-01 -1.121368424515975182e+00 2.717347358402452784e+00
1.124590911648490232e+00 -9.117272685874592275e-01 2.634772723371332503e+00
5.074583623144361955e-01 -4.195833288960986729e-01 2.635166673196686737e+00
5.104030228372830047e-01 -1.058328354536597349e+00 2.981582114945596551e+00
1.111920013427734277e+00 -1.026840012073516828e+00 2.632519979476928729e+00
5.497636383230035673e-01 -4.123636321587996201e-01 2.615163640542463863e+00
2.530434909074202876e-01 -1.058739117954088371e+00 2.795913126157677731e+00
9.542681744644762043e-01 -9.184022299404250855e-01 2.426402330398559570e+00
6.480461762501643630e-01 -4.127999956791217340e-01 2.559984672986544307e+00
5.820000171661376953e-01 -1.920000314712524414e-01 1.802000045776367188e+00
-4.685291472603293067e-02 3.758823748897103800e-01 1.489205888089011776e+00
6.551621776443343759e-01 -1.018891886010900194e+00 2.975891915527550058e+00
-3.451363633979450674e-01 1.442045528780330210e-01 2.374659121036529541e+00
9.431999912968388466e-01 -1.015688883816754373e+00 2.678666701140226980e+00
-7.796999901533127053e-01 3.765000402927398682e-02 2.323249971866607755e+00
3.149062525480985641e-01 -1.112249990925192833e+00 2.922406263649463654e+00
1.201985625054338813e+00 -9.186906445798256327e-01 2.477582735981015194e+00
1.304285716442834753e+00 -1.053500003757930958e+00 2.564785767169225572e+00
-2.534285499936058672e-01 1.442857299532209203e-01 1.768000012352353156e+00
-2.089999914169311523e-01 -1.044000029563903809e+00 2.692000071207682144e+00
6.514444638181615677e-01 -1.705555419127146310e-01 1.774611102210150726e+00
7.040930348773335457e-01 -5.623254110646802584e-02 1.583627917045770772e+00
2.543684314740331520e-01 -1.070605244291456204e+00 2.813907857003965063e+00
1.199069784593212562e+00 -1.056930226873057821e+00 2.621534881665724903e+00
8.260000546773275110e-01 -1.005999982357025146e+00 2.746799977620442590e+00
-2.818399874369303393e-01 -9.123999969164530155e-01 2.773040040334065814e+00
9.240000247955322266e-01 -9.090000092983245850e-01 2.756000041961669922e+00
-9.886799907684326039e-01 -7.679999589920044611e-02 1.544599990844726545e+00
4.828421316648784378e-01 2.813684375662552917e-01 9.386315910439742005e-01
1.830000480016072684e-01 -3.109999895095825195e-01 2.906000137329101562e+00
-3.815454352985728770e-01 -5.189999938011169434e-01 2.928090922760240744e+00
-3.659999370574951172e-01 -5.862857188497271332e-01 2.890571457999093319e+00
6.114939867732036571e-01 -3.749638379338275929e-01 2.594072295958737229e+00
5.546103979085946767e-01 -3.693506346120462580e-01 2.629961060239123238e+00
5.031428876377287418e-01 -7.942856777281988301e-02 1.527714295046670001e+00
4.536545558409257328e-01 2.786727515133944344e-01 9.389818245714360856e-01
3.967500418424606545e-01 2.710500210523605347e-01 9.625999897718429121e-01
1.116235312293557547e+00 -8.072941104571024207e-01 2.665058874616435869e+00
-1.006186027859532484e+00 -5.972091541733852427e-02 1.561581395393194072e+00
-4.666360725056041547e-02 -6.687272643501108726e-01 2.821209087155081896e+00
-7.783809398847912897e-01 -1.596190229294792151e-01 1.969333357281155106e+00
1.156923107611827373e+00 -9.684999978695160161e-01 2.623538503280052669e+00
8.700001239776611328e-01 -1.146000027656555176e+00 2.746999979019165039e+00
-1.497677241602251574e-01 -8.174322493614688545e-01 2.811587050653272968e+00
9.907826237056566177e-01 -4.583478207173554697e-01 2.358956642772840340e+00
-1.177500009536743164e+00 2.249999940395355225e-01 1.791500002145767212e+00
1.004731730716984517e+00 -8.689756083294628564e-01 2.422731800777156330e+00
3.199285566806793213e-01 5.168571812765938578e-01 1.923500009945460665e+00
7.829999923706054688e-01 -3.960000276565551758e-01 2.503999948501586914e+00
1.537826216739157092e-01 -1.162956524154414195e+00 2.837391311707703867e+00
-3.577358340317348118e-01 -3.641886711120605469e-01 3.166490599794207661e+00
-9.437287661988856546e-02 1.135932227312508314e-01 1.566677966360318530e+00
8.583273150704123777e-01 -1.119927282766862264e+00 2.778690945018421399e+00
1.278000116348266602e+00 -1.062000036239624023e+00 2.542999982833862305e+00
-2.902285643986293184e-01 -6.546857050486973861e-01 2.955714293888636934e+00
-3.455294121324626322e-01 -5.167843103408813477e-01 3.025686301437078729e+00
-2.760000228881835938e-01 -8.939999938011169434e-01 2.806999921798706055e+00
-9.600740737385220491e-01 1.275555631260812950e-01 1.679925927409419373e+00
3.494117540471693845e-02 -8.537647093043607693e-01 2.703411677304436100e+00
-3.528235180705201479e-01 -3.261176487978766914e-01 3.168411785481022758e+00
-2.999997138977050781e-02 -3.600000143051147461e-01 1.712000012397766113e+00
-4.992855020931789151e-02 -2.852142538343157008e-01 1.684571432215826947e+00
-1.892553124021976452e-01 -2.164468029712108832e-01 1.612936178420452338e+00
5.625000000000000000e-01 5.595000982284545898e-01 1.909999996423721313e+00
6.576116733180666918e-01 -3.306990260059393671e-01 2.585611667447877071e+00
-6.004390091430850118e-01 -5.187804800708119002e-01 2.125853643184755004e+00
7.944000068463776820e-01 -1.018231576994845788e+00 2.911368455384907072e+00
4.860000610351562500e-01 3.120000362396240234e-01 9.379999637603759766e-01
-6.508235195103813098e-01 -1.124705847571877831e-01 2.520352952620562359e+00
-2.455425866516181832e-01 -6.689327273668195240e-01 2.928762352520040135e+00
8.640000820159912109e-01 -7.860000133514404297e-01 2.732000112533569336e+00
4.575609850689647540e-01 -4.737072998915261568e-01 2.638829266152730835e+00
1.820000410079956055e-01 -8.640000820159912664e-02 2.924400027592976681e+00
3.582857336316789820e-01 -1.090857142493838250e+00 2.962000052134195816e+00
7.151052700845819121e-01 -1.178131574078610022e+00 2.886815842829252521e+00
-7.973023230253264426e-01 -1.786044447921043138e-02 2.074720945469168853e+00
-7.471058768384596371e-01 -6.700235191513510546e-01 1.875270592465120290e+00
-4.259999990463256836e-01 -7.470000088214874268e-01 2.455999851226806641e+00
5.015294353167215613e-01 4.778823723980024640e-01 2.023764764561372775e+00
1.162481951426310722e+00 -8.668915658112031908e-01 2.478120487856577459e+00
-1.153200004498163844e+00 2.937000254789988163e-01 1.820900017023086459e+00
-2.260000109672546387e-01 -6.859999994436899451e-01 2.900000095367431641e+00
-8.603999137878418080e-02 1.821000289916992199e-01 1.479680005311965862e+00
-2.665714025497436523e-01 -6.539999927793230805e-01 2.953999996185302734e+00
-4.646896219801628924e-01 -4.208965452238060956e-01 2.732413793432301397e+00
-3.719999790191650391e-01 -5.025000125169754028e-01 3.003500103950500488e+00
-3.440952480785430256e-01 -6.196666586966741441e-01 2.928095255579267420e+00
1.156432870608657071e+00 -4.703283434483542247e-01 2.235432884586391111e+00
-1.913333336512247629e-01 -3.313333061006333846e-01 1.607333315743340485e+00
-9.569999501109123508e-02 -5.683124944567680137e-01 2.873525020480156122e+00
-8.999999364217121933e-02 5.830000638961791992e-01 1.503999988238016838e+00
-6.808333281013700944e-01 -8.754999952183829537e-01 2.118166612254248626e+00
8.580000400543212891e-01 -8.399999737739562988e-01 2.851999998092651367e+00
-9.349411796121036566e-01 -1.341176523881799920e-01 1.494941220564000695e+00
7.911764733931597737e-01 -1.153882344563802009e+00 2.861294157364789204e+00
1.254000425338745173e-01 5.478000164031981978e-01 1.824200010299682706e+00
-9.658064284632282559e-02 -1.709999836260272521e-01 3.022709704214526560e+00
7.710000276565551758e-01 -9.329999983310699463e-01 2.831000089645385742e+00
-1.366666952768961531e-02 2.356666790114508858e-01 1.314333339532216316e+00
4.874400281906127730e-01 -1.167600002288818439e+00 2.933599987030029332e+00
8.459310230167432776e-01 -1.122275869051615471e+00 2.828689649187285493e+00
1.386923010532672695e-01 -1.269230475792518069e-02 1.879076930192800754e+00
-3.764594455023069774e-01 -4.664594450512448143e-01 3.025918944461925442e+00
-1.030178604381424945e+00 3.353571487324578659e-01 1.813142872282436979e+00
-6.523928525192397299e-01 -9.859285737786974702e-01 2.525321436779839779e+00
-6.391826069873312033e-01 -1.006852153591487609e+00 2.521478269411169926e+00
8.023404339526561957e-01 -1.118329790678430191e+00 2.869170257385740719e+00
1.085999965667724609e+00 -8.519999980926513672e-01 2.599999904632568359e+00
1.136108172906411751e+00 -7.764324288110475702e-01 2.530270260733527010e+00
-1.794782565987628475e-01 -3.568695576294608762e-01 3.088869561319765644e+00
6.176478722516228490e-04 -1.729411780834197998e-01 3.064294141881606315e+00
7.455999851226806641e-01 -6.999999920527140151e-01 2.418000046412150272e+00
7.427999973297119141e-01 -9.419999718666076660e-01 2.933599948883056641e+00
1.143000036478042603e+00 -1.098000049591064453e+00 2.628500044345855713e+00
8.447999668121337624e-01 -7.783199954032897772e-01 2.517440004348754812e+00
4.832308108990008844e-01 -1.133076942884005067e+00 2.943846115699181087e+00
-1.004999876022338867e-01 -1.056000024080276489e+00 2.687000036239624023e+00
7.260000705718994141e-01 -1.134000062942504883e+00 2.900000095367431641e+00
5.910002390543619977e-02 -7.649998664855957309e-02 1.863200028737385994e+00
7.662000179290771040e-01 -1.081399977207183838e+00 2.898000081380208481e+00
1.068000078201293945e+00 -1.103999972343444824e+00 2.648000001907348633e+00
-6.260689723080602453e-01 -2.081379232735469376e-01 2.414620720106980034e+00
4.079999923706054688e-01 3.780000209808349609e-01 1.304000020027160645e+00
1.005818215283480477e+00 -5.705454457889903574e-01 2.244363676417957532e+00
-1.092857128097897590e+00 -3.711428434129745435e-01 1.442571424302600658e+00
4.526373724361042461e-01 5.294505711440201656e-01 1.926219797396397926e+00
1.472307810416588481e-01 5.192308242504413418e-02 1.741538478777958865e+00
5.673628848987621182e-02 -1.116791209676763597e+00 2.825065938981024871e+00
-4.302857243825519151e-01 -7.114285675306168955e-01 2.476095229860336033e+00
6.589285901614597707e-01 -1.025357144219534833e+00 2.946071386337280273e+00
-1.199999992052714015e+00 3.501333422131008843e-01 1.738666685422261660e+00
2.063721057980559548e-01 5.372093111969703516e-01 1.826930245687795162e+00
-1.247999993237582039e+00 2.972727580503983780e-01 1.714181824163957035e+00
2.662500217556953430e-01 2.460000216960906982e-01 1.144249975681304932e+00
6.650192462480984945e-01 -1.122288464353634829e+00 2.942057673747723090e+00
4.440000057220458984e-01 -1.139999985694885254e+00 3.059000015258789062e+00
1.440001726150512765e-02 -1.205999732017517118e-01 1.811000019311904907e+00
-4.897823670636052701e-02 4.316739284473916638e-01 1.520652194385943234e+00
-1.547586095744165890e-01 -9.626896545804780603e-01 2.767793153894358760e+00
5.520000457763671875e-01 -1.062000036239624023e+00 3.068000078201293945e+00
9.645217674365942351e-01 -5.806086935858795206e-01 2.285652264304783188e+00
-7.199999690055847168e-01 -2.859999736150105609e-01 1.997999986012776619e+00
7.469999790191650391e-01 -9.959999918937683105e-01 2.978000044822692871e+00
-1.972941125140470486e-01 -2.006470315596636522e-01 3.044882325565113845e+00
4.930436092874278253e-02 -1.466086480928504021e-01 2.987913048785665548e+00
8.600000540415446426e-02 3.620000282923380719e-01 1.297999978065490723e+00
6.136366237293590375e-02 -5.685272671959616941e-01 2.789981859380548546e+00
-4.149996903207567311e-02 -1.886666748258802595e-01 3.065666708681318298e+00
2.606250122189521790e-01 1.091250255703926086e-01 1.157375052571296692e+00
4.248979626869668624e-02 -2.171020410498794295e-01 3.066775531184916748e+00
-2.580000162124633789e-01 -1.055999994277954102e+00 2.762000083923339844e+00
8.032320060729980504e-01 -2.164319972991943231e-01 1.758560029029846206e+00
-2.524185859879782279e-01 -2.113255719805872679e-01 3.036534883255182393e+00
-1.865999937057495062e-01 -3.647999763488769531e-01 3.112400031089782804e+00
-1.043675686862017615e+00 -7.211351273833094266e-01 1.722864874311395678e+00
-8.399999141693115234e-02 1.560000181198120117e-01 1.496000051498413086e+00
1.507500218493597888e-01 -4.509642933096204565e-01 2.828428566455841064e+00
6.040689753389906214e-01 -1.211724129216424251e+00 2.938965537082189883e+00
1.040000120798746791e-01 -1.021999994913737053e+00 2.728000005086263169e+00
-2.354117596850675564e-01 -2.265882316757650838e-01 3.072147088892319466e+00
4.907755194878091753e-01 -1.045714130206983894e-01 2.814408136873828958e+00
-9.953845922763530918e-02 -2.324615426552601449e-01 3.116000053210136400e+00
6.419999599456787109e-01 -1.110000014305114746e+00 3.013999938964843750e+00
-8.078571359316507605e-01 -4.279999931653340473e-01 1.478571443330674029e+00
7.405713966914585500e-01 -8.700000132833208832e-01 2.709714242390223848e+00
-1.459999879201253348e-01 -3.480000495910644531e-01 3.104000091552734375e+00
3.450000047683715598e-01 6.000041961669921875e-03 2.796200084686279119e+00
4.488000154495239147e-01 4.800033569335937327e-03 2.798000097274780273e+00
-3.467010296497148314e-01 5.436494792859578595e-01 1.682618561479234165e+00