-5.771249830722808838e-01 -1.410374999046325684e+00 3.441500037908554077e+00
-5.699999928474426270e-01 -1.431000024080276489e+00 3.435500025749206543e+00
-4.491063796036632305e-01 -1.390936170063965749e+00 3.356936190990691404e+00
-4.079999625682830811e-01 -2.399999499320983887e-01 3.285500049591064453e+00
-3.197142822401864426e-01 -2.382856948035103895e-01 3.235142878123692167e+00
-4.014135204759755604e-01 -2.358947266313366486e-01 3.239248161029098405e+00
-8.694782671721085210e-01 -3.104347716207089825e-01 2.310956509216972155e+00
-1.047669068514871960e+00 2.061582915216898793e-01 2.299223066233902379e+00
-5.153423057843561222e-02 -1.094917790530479218e+00 2.951780818913080751e+00
-4.522758516772040216e-01 3.674482929295507239e-01 2.103448259419408384e+00
-1.140000025431315150e-01 -7.769999802112579346e-01 2.828000068664550781e+00
2.502000127519879991e-01 -6.857141426631382757e-03 1.450657161644526960e+00
-2.377341378409907405e-03 1.207924653898994893e-01 1.161698127692600391e+00
3.994186381961024046e-01 4.653490005537520846e-02 1.400837206563284143e+00
2.585882486081590992e-01 -5.048235210717892940e-01 2.770235309413835001e+00
-1.000583316716882942e+00 2.201666749185985927e-01 2.305166691541671753e+00
2.492250129580497742e-01 5.625001788139342984e-02 1.350575022399425507e+00
-9.052592589531416323e-01 -2.454814660696335860e-01 2.248148144027333206e+00
-7.004285653432210657e-01 6.652857916695731344e-01 1.513857154619126177e+00
5.065824261194543099e-02 -1.063289521615716580e-03 1.399772153625005400e+00
-9.937499836087226868e-01 2.820000648498535156e-01 2.180750042200088501e+00
-9.160689663612979761e-01 -2.468275708713750793e-01 2.202413805599870322e+00
-1.018999973932902092e+00 9.066666497124566126e-02 2.164666732152303208e+00
-9.079411783639121936e-01 -7.798235188512241400e-01 2.162176538916195323e+00
-7.012858019246683309e-04 4.065974339262231618e-01 2.155415683597713183e+00
-3.974997997283935547e-02 4.320000410079956055e-01 2.132749974727630615e+00
3.076000054677327511e-01 4.166000405947367091e-01 2.159200056393941303e+00
-1.326666805479261579e-01 -3.533332877688937640e-02 1.982666691144307380e+00
-9.315000027418136597e-01 -8.507142322404044610e-02 2.336428540093558048e+00
3.600001335144042969e-02 3.240000009536743164e-01 2.125999927520751953e+00
-9.220800125598906938e-01 -2.579999756813049494e-01 2.156480054855346662e+00
-9.119325842750206634e-01 -2.962247106466400215e-01 2.150876449734977047e+00
-8.639268344495354413e-01 -4.485365821094047800e-01 2.153000049474762534e+00
-9.413333270284864884e-01 -7.666666640175713310e-01 2.132666640811496261e+00
5.008604817612226645e-01 2.503953645395677885e-01 1.049139530159706402e+00
-8.498734175404415447e-01 4.174937055080751858e-01 1.950177233430403723e+00
-5.672499984502792358e-01 -8.532499993840853003e-01 2.853625044226646423e+00
-9.365869494883910518e-01 -9.515216946601867676e-02 2.298565252967502914e+00
2.037894914024754589e-01 4.846316094984087774e-01 2.092421113399037136e+00
-6.124941061524783459e-01 -7.472470514914568707e-01 2.800188227260814067e+00
-1.001283566453563534e+00 3.179104434910104970e-01 2.103791026926752128e+00
-1.093516482101692056e+00 2.047252930127657355e-01 2.098109908156342573e+00
-7.982999905943870544e-01 4.827000349760055542e-01 1.834400010108947709e+00
-8.081379224514139148e-01 -6.459310287716745203e-01 2.099103453515589912e+00
-8.499036144061260512e-01 3.686747134449970265e-01 2.053421655333185658e+00
-8.700000047683715820e-01 -3.659999370574951172e-01 2.222000122070312500e+00
2.478461632361778910e-01 -1.165384466831500682e-01 1.645769233887012239e+00
-8.759999871253967285e-01 -3.270000219345092773e-01 2.279000043869018555e+00
-3.526153656152578586e-01 3.844615954619187703e-01 2.136153826346764095e+00
-6.509318107908422801e-01 2.046136571602387988e-01 2.400431806390935563e+00
1.371333387162950279e+00 -4.440000057220458984e-01 2.906666702694363114e+00
-2.100000381469726562e-01 -4.739999771118164062e-01 2.966000080108642578e+00
-9.517499972134828568e-01 -7.310624960809946060e-01 2.059812463819980621e+00
-8.078399991989135831e-01 -2.462999856472015414e-01 2.601500010490417569e+00
5.977000196774800989e-01 -8.963999936978022109e-01 2.642600027720133582e+00
5.373191579859307732e-01 -4.848510521523495820e-01 2.635872343753246749e+00
-5.480377235502567057e-01 6.396792407305735839e-01 1.599358502423988249e+00
4.851065290735123020e-02 4.837021548697288953e-01 2.043404229143832573e+00
-9.981686580611999204e-01 3.421445883900286478e-01 2.051903583917273011e+00
-8.399999976158142312e-01 3.840000629425048828e-01 2.029999971389770508e+00
-8.995999958780076522e-01 3.393333435058593639e-01 2.097800016403198242e+00
-4.011074275024666402e-01 -1.958181739838655289e-01 1.713090916310460177e+00
-9.919333285755581597e-01 -9.699999623828464701e-02 2.051799967553880499e+00
-8.773333165380690080e-01 -4.853333218230141410e-01 2.044666634665595062e+00
-8.298000097274780273e-01 -6.246000111103058305e-01 2.048599958419799805e+00
-1.102183468844912362e+00 -7.501100843105841243e-01 2.051632988343544906e+00
-9.028043461882550025e-01 -3.967173812182053227e-01 2.052043443140776358e+00
-8.700000047683715820e-01 -5.144999772310256958e-01 2.019500136375427246e+00
-8.759999871253967285e-01 -2.297647139605353828e-01 2.388235260458553721e+00
-6.539999921366853597e-01 4.204528646649055013e-01 2.015509542429222201e+00
-8.339999988675117493e-01 -6.270000040531158447e-01 2.009750083088874817e+00
-9.720000028610229492e-01 -6.599998474121093750e-02 2.171000003814697266e+00
-9.638313263295644751e-01 2.313256263732910156e-03 2.298265100961708107e+00
1.099881364127336836e+00 -7.504576181961317705e-01 2.643525430711649360e+00
1.981682476596297593e-01 -6.401495304063101743e-01 2.734635542486315796e+00
-8.013714205651055744e-01 4.030857404073079353e-01 2.000742920239766409e+00
-8.487157884397005247e-01 3.954947672392192803e-01 1.998800054349397337e+00
-8.974390189822126773e-01 3.902195415845731152e-01 1.992682958521494019e+00
-1.048702709309689673e+00 3.591892042675534080e-01 2.000216267130396464e+00
3.240000009536743164e-01 5.039999485015869141e-01 2.072000026702880859e+00
1.502264310728828878e-01 -4.468679210674837976e-01 2.852075479315511863e+00
-2.103529327055987108e-01 -4.761176389806410780e-01 3.015411769642549533e+00
-1.013799970679812867e+00 -4.606664048300849329e-02 2.001000056001875027e+00
5.659149200358288834e-01 -1.141404260980322105e+00 2.914680866484946176e+00
-5.113041919210682684e-02 -1.426956498104592908e-01 1.981739189313805660e+00
-9.713333381546868095e-01 -6.666666931576198905e-03 2.254833294285668366e+00
-9.300000071525573730e-01 -3.719999790191650391e-01 1.976000070571899414e+00
-8.651460744021983729e-01 -5.502471789885102771e-01 2.002966357081124027e+00
7.800006866455078125e-02 -1.079999923706054688e+00 3.074000120162963867e+00
5.967831424919955996e-01 -1.144698796502078952e+00 2.892590399248054389e+00
-8.038775422135178150e-01 4.228163568341002376e-01 1.958612264419088644e+00
7.436571666172572259e-01 -2.617713928222656361e-01 2.638057143347603883e+00
-5.307905618534531494e-02 -1.146697675350100587e+00 2.953916293521260172e+00
9.872727177359841289e-01 6.201818639581854198e-01 1.944090929898348641e+00
9.511023082516409932e-01 -9.961704395034096660e-01 2.664636433124542236e+00
-7.496288590824481401e-01 3.615464045829379636e-01 2.100762880954545775e+00
1.880000432332356863e-01 -1.169999957084655762e+00 3.232000033060709487e+00
1.395913044611613030e+00 -5.423043391842773397e-01 2.839695679968682107e+00
-5.789999961853027344e-01 4.800000190734863281e-01 1.927999973297119141e+00
-7.489677353571819740e-01 4.400645263733402590e-01 1.944774208530303028e+00
-7.956585288047790527e-01 4.353658629626762644e-01 1.935463425589770914e+00
-1.019999980926513672e+00 2.760000228881835938e-01 2.174000024795532227e+00
-7.379999995231628640e-01 1.319999694824218750e-01 2.528000116348266602e+00
-4.892608614071555784e-01 2.568260975505994859e-01 1.949391331361687740e+00
-5.119353148245042034e-02 1.165161401994766754e-01 1.163387119770050049e+00
-6.988571357159387709e-01 3.131428602195921451e-01 2.201357148942493236e+00
-9.861653460595841414e-02 -1.469774291031342717e-01 1.947263181657719500e+00
1.401473710411473395e+00 -3.087368325183266204e-01 2.936210565399705263e+00
7.505625163515409204e-01 -1.916249940792719431e-01 1.933874998241662979e+00
7.320000330607095984e-01 -2.226666741900973912e-01 1.943333347638448005e+00
4.993333419164021625e-01 -2.466666036181979771e-01 1.938000003496805901e+00
1.447742100684873412e-01 -2.810322353916783755e-01 1.946967755594561256e+00
-5.768421240020216861e-02 -2.944210412209494199e-01 1.940210532723811721e+00
-9.102558154006337165e-01 -4.472092999968417804e-01 1.948581410008807469e+00
-9.190985954983134087e-01 -1.958873154411853168e-01 2.249126746620930373e+00
8.280000686645507812e-01 6.240000724792480469e-01 1.922000050544738770e+00
-8.492368404802522752e-01 -5.926578844848432448e-01 1.948921065581472378e+00
-8.887498453259468079e-02 1.119375079870223999e-01 1.170499950647354126e+00
8.518928928034645853e-01 -6.331071406602859497e-01 2.413142885480608069e+00
-8.424444397290548059e-01 -4.474814777021055012e-01 2.248592582749731950e+00
-9.300000071525573730e-01 -2.220000028610229492e-01 2.180000066757202148e+00
-5.024415533263961731e-01 5.212208481578083363e-01 1.855688327318662179e+00
8.159999847412109375e-01 -1.008000016212463379e+00 2.762000083923339844e+00
-5.838461518287658691e-01 -8.436263688318021980e-01 2.798329665110661502e+00
1.800000667572021484e-01 -2.220000028610229492e-01 1.736000061035156250e+00
1.476818350228396304e-01 3.415909111499786377e-01 8.887727382508191498e-01
5.580000877380371094e-01 -1.679999828338623047e-01 1.909999966621398926e+00
-6.744827073195884537e-02 -3.037241286244885541e-01 1.919931070557955977e+00
6.544000171479724681e-01 -1.134400008973621254e+00 2.859085761933099601e+00
-9.006249966720739630e-01 3.610625142852465497e-01 2.051187470555305481e+00
6.511898946158493073e-01 -2.889113803453083329e-01 1.908177224895622137e+00
1.218187510967254639e+00 -2.311875000596046448e-01 2.695437505841255188e+00
-5.998991497424470687e-01 4.610924480342063481e-01 1.950134470683186017e+00
-2.058367291275335909e-01 -4.395915780748639590e-02 1.912326546347871137e+00
-9.716250039637088776e-01 -2.643749788403511047e-01 1.911500014364719391e+00
-3.515294065662458722e-01 5.144706146389830259e-01 1.900588243615393580e+00
-4.493739076282667333e-01 5.045739122059034187e-01 1.900191312250883779e+00
-5.484242300794581748e-01 4.924848609500461216e-01 1.900484856933054356e+00
-7.494757215953568030e-01 4.613592346895088459e-01 1.900679618409536475e+00
-6.989599927266438861e-01 1.452800099054972205e-01 2.499840052922566613e+00
5.420526517064947480e-01 -5.907631485085738099e-01 2.580815798357913415e+00
-8.799999834913195818e-01 -2.924545371171199948e-01 2.293818235397338867e+00
-8.609210558627781174e-01 -4.953157807651318856e-01 2.100026315764377038e+00
-3.420000076293945312e-01 -3.899997472763061523e-02 1.879999995231628418e+00
-4.476190445915100846e-01 4.849524081699431721e-01 1.936666675976344454e+00
6.500000158945719031e-01 -1.499999761581420898e-01 1.908000032107035393e+00
4.056923481134268039e-01 -2.113846081953782430e-01 1.896846156853895904e+00
-3.979090831496499003e-01 -6.062727089632641286e-01 3.003636427901007711e+00
5.481081331098401899e-01 -2.949729642352542092e-01 1.904378394822816567e+00
1.343999981880187988e+00 -9.270000159740447998e-01 2.633000016212463379e+00
9.921951991755788292e-02 -2.637072946967148335e-01 1.896097564115756917e+00
-9.658571460417338939e-01 -2.974999901794251889e-01 1.901642867497035372e+00
-9.472130556575587834e-02 -3.840983519788648270e-01 1.891311479396507345e+00
-9.304285773209163279e-01 -4.332857217107500269e-01 1.886428577559334796e+00
-9.197692359105135163e-01 -4.496153776462261664e-01 1.903307702296819448e+00
-8.663478364115175800e-01 -5.666086932887202110e-01 1.894869576329770267e+00
-1.098582522383013904e+00 -6.964077584951826605e-01 1.905980592792474004e+00
2.550000250339508057e-01 -2.399992942810058594e-02 1.472000002861022949e+00
-9.701739199783491197e-01 -2.042608623919279776e-01 2.008217474688654303e+00
-8.895584352604755107e-01 -2.975844051930811585e-01 2.249896086655653882e+00
-3.900749891996383445e-01 -1.430249899625778143e-01 1.735625025629997209e+00
-1.094930252363515377e+00 -6.972558054813119410e-01 1.853348845659300359e+00
-7.585161193724601070e-01 4.728387017403879455e-01 1.866258067469443116e+00
-2.035384544959435160e-01 1.969232620337070527e-02 1.864153855886214739e+00
-8.682857240949358735e-01 -5.644285636288779440e-01 1.866714281695229571e+00
-9.483999941084120255e-01 -9.553332726160684851e-02 2.248799988958570584e+00
-1.005116869876911068e+00 -4.480516755735719503e-02 2.052051915750875200e+00
-5.477614550415529360e-01 4.082202200495868571e-01 2.051908219626190633e+00
-4.679999351501464844e-01 1.499998569488525391e-02 1.841000020503997803e+00
-1.096090891144492430e+00 -7.983636305187687965e-01 2.058545416051691390e+00
-2.854285410472324758e-01 -1.859999895095825195e-01 1.845714313643319171e+00
-3.993020017675105171e-01 -8.464026803138272603e-01 2.903463139630003909e+00
-4.483728772502834636e-01 5.381694405765856670e-01 1.837491538565037663e+00
-5.309999883174896240e-01 5.339999198913574219e-01 1.825999975204467773e+00
2.010000348091125488e-01 4.860000610351562500e-01 2.072000026702880859e+00
-7.479259202509750404e-01 4.866666882126419735e-01 1.843555572592181946e+00
-7.298644073938919119e-01 -2.875932151988401242e-01 2.792305089659610218e+00
-9.990275053802980532e-01 4.442752326300384857e-01 1.848348636145985546e+00
-4.550769160955380199e-01 1.076153898850465418e-01 1.842923091008112912e+00
-2.859999934832255231e-01 2.999997138977050781e-02 1.826999982198079353e+00
-4.495999956130981579e-01 -4.485199960072835390e-01 3.108880033493042205e+00
-2.005263052488628073e-01 -2.432841966026707825e-01 1.846084229569685986e+00
-2.395555531537091332e-01 -2.379999823040432338e-01 1.838000006145901200e+00
-9.430112269487274101e-01 -1.948988692144329737e-01 2.150539366047034218e+00
-8.501999986171722146e-01 1.788001060485839774e-02 2.708599987030029244e+00
-1.930434651996778272e-01 -3.041739023250082385e-01 1.836826096410336673e+00
-9.709090969779274882e-01 -3.089090838576807885e-01 1.859636368173541499e+00
-9.779999852180480957e-01 -3.240000009536743164e-01 1.825999975204467773e+00
-9.591034465822679822e-01 -9.565516723983588654e-02 2.201793117084722251e+00
1.386857169015067059e+00 -9.368571553911481109e-01 2.630857229232788086e+00
-9.521333323584662001e-01 2.721333450741237892e-01 2.213066726260715100e+00
8.062499821186065452e-01 -1.110149973630905063e+00 2.848400008678436457e+00
1.509130597114562988e-01 3.384130545284437241e-01 1.345217413228491088e+00
2.061540958208915586e-02 -1.189230778278448586e+00 3.000153853343083377e+00
-8.589999993642171150e-01 -8.051999986171722856e-01 2.293800052007039181e+00
-7.637802074243734696e-01 -2.978901024703141109e-01 2.700945060331742642e+00
-9.075505612941270339e-01 -1.950337029574962244e-01 2.298584305838252906e+00
-5.579999883969625207e-01 5.280001163482666016e-01 1.818000038464864021e+00
-8.655000030994415283e-01 4.739999771118164062e-01 1.818500041961669922e+00
-9.515999979443020562e-01 3.512666781743367661e-01 2.051533306969536508e+00
-1.001590849323706206e-01 -6.953863572667945414e-01 2.842113646593960929e+00
9.000001847743988037e-02 -2.220000028610229492e-01 1.818500041961669922e+00
-2.999997138977050781e-02 3.515999794006347545e-01 2.168000078201294034e+00
3.975652456283569336e-01 -1.771304244580476084e-01 1.812695669091266115e+00
-2.637391090393066406e-01 -2.006086888520614009e-01 1.808260886565498771e+00
-4.416000043644624506e-01 5.195295950945685859e-02 1.803058831831988229e+00
-1.799999475479125977e-01 -4.500000476837158203e-01 2.972000122070312500e+00
2.460000133905254349e-01 -5.939016283535566432e-01 2.736573789940505819e+00
7.800006866455078125e-02 3.240000009536743164e-01 1.879999995231628418e+00
4.345946698575406386e-02 -8.910810705777760798e-01 2.699081076158059478e+00
6.000000238418579102e-01 -9.629999995231628418e-01 2.870000123977661133e+00
-8.010638216708568793e-01 4.981914834773286671e-01 1.799957459277295113e+00
-1.009657875487678824e+00 3.315795409051995688e-03 2.100184208468387048e+00
-1.050407771925324418e+00 4.629903001692688425e-01 1.799145641836147780e+00
-2.432542311943183544e-01 -1.553898019305730294e-01 1.839830517768859863e+00
-4.133571301187787816e-01 1.077857187816074896e-01 1.793214291334152222e+00
-9.660000205039978027e-01 -8.819999694824218750e-01 2.236999988555908203e+00
-1.049268298032807190e+00 2.401463418472103983e-01 2.244902433418646037e+00
-7.947692229197576008e-01 5.349230032700759141e-01 1.731384644141563900e+00
-8.027755009884737225e-01 2.713469510175743893e-01 2.256408112389700626e+00
-8.997333301438226183e-01 2.633333484331766838e-01 2.249599978658888055e+00
-1.000333315796322342e+00 2.682500183582305908e-01 2.203916675514645096e+00
-1.410000175237655640e-01 -3.862499743700027466e-01 1.885250002145767212e+00
-5.417937980484717198e-01 -7.918762828885894667e-01 2.990433002255626693e+00
5.502500434716542932e-01 -1.892499824364980154e-01 1.936624993880589729e+00
-5.609999895095825195e-01 6.240000724792480469e-01 1.621999979019165039e+00
7.517594233491367017e-01 -1.479247924976778983e-01 1.939007534120315901e+00
-3.600001335144042969e-02 2.160000205039978027e-01 1.378999948501586914e+00
-8.031780842232377760e-01 -4.946301269204649298e-01 2.348904145907049212e+00
-4.944827474396804035e-01 -2.374137804425995868e-01 3.240034530902731191e+00
-2.999999898931254294e-01 -3.678257439447486093e-02 1.854630453431088011e+00
5.377846204317533463e-01 -9.460615378159743516e-01 2.800307699350210289e+00
-2.770000100135803223e-01 5.719999869664510461e-01 1.767999986807505364e+00
-9.517281529972854148e-01 5.019611629467566338e-01 1.750563125008518295e+00
-8.983090861277146510e-01 5.909454822540283203e-01 1.599527283148332035e+00
1.290000081062316895e-01 3.719999790191650391e-01 1.273999929428100586e+00
-9.525217370710511444e-01 3.715652313785276495e-01 2.008260939432227055e+00
-1.058108097798115432e+00 1.504864966547166949e-01 2.051243211771990982e+00
-6.513333266431634572e-01 5.017575687832303011e-01 1.850303040610419281e+00
-7.799999713897705078e-01 -4.284000158309936301e-01 2.532800006866454900e+00
2.820000251134236469e-01 -2.399992942810058594e-02 1.472000002861022949e+00
4.550400090217590066e-01 2.672400212287902588e-01 1.018400049209594815e+00
2.450625151395797729e-01 -4.074374902993440628e-01 2.833625040948390961e+00
-1.454545259475708008e-01 2.109093738324714293e-02 1.307999997427969241e+00
2.004643082618713379e-01 -1.039286170686994255e-02 1.445750017251287156e+00
-5.874999968541992912e-01 -7.930833283397886735e-01 2.850166708230972290e+00
-5.699999928474426270e-01 2.500000198682149066e-01 2.291000088055928696e+00
-4.799997806549072266e-02 3.059999942779541016e-01 1.430000066757202148e+00
6.978620701822740857e-01 5.958622282948987381e-02 1.451000022477117124e+00
-7.290000021457672119e-01 4.320000410079956055e-01 1.976000070571899414e+00
-1.032000064849853516e+00 1.499999761581420898e-01 2.426000118255615234e+00
-4.970286724835457906e-04 -7.948047278900823853e-01 2.752094696259357320e+00
-8.550000000616599927e-01 -1.154534475556735273e+00 2.908068993995929663e+00
5.571430070059640166e-02 -1.757143224988664751e-02 1.433000036648341524e+00
-2.503448108146930640e-01 1.562069818891327969e-02 1.857862079965657109e+00
9.425455006686124237e-01 -7.150908925316550313e-01 2.538909131830388688e+00
1.526493654622660123e-01 1.908312029652781405e-01 1.112545456205095595e+00
8.934643353734698090e-01 -9.459642874343054952e-01 2.750428587198257446e+00
-8.455227247693322123e-01 -5.459318086504936218e-01 2.099818180907856213e+00
-3.299999237060546875e-02 -1.280000209808349609e-01 1.610000014305114746e+00
5.011006897727915410e-01 -5.966174370490464618e-01 2.597503356485558967e+00
-2.537999788920084487e-01 9.640000462532043179e-02 1.703900007406870420e+00
-8.987142812638055922e-01 1.359999974568684988e-01 2.486857209886823572e+00
4.519411886439603787e-01 2.925882690093096761e-01 1.041941169430227854e+00
-3.495157869238602610e-01 1.025684218657644114e-01 1.702715798428184213e+00
-8.476153841385474230e-01 3.207690899188701816e-02 2.684923098637507444e+00
2.007805065410893097e-01 4.909758306131130345e-02 1.350682950601345134e+00
-3.665452653711492176e-02 3.646909215233542501e-01 2.202254551107233116e+00
-6.179999907811483117e-01 6.719999313354492188e-01 1.519999980926513672e+00
5.699999332427978516e-01 -5.670000016689300537e-01 2.569999933242797852e+00
1.890000700950622559e-01 2.580000162124633789e-01 8.300000429153442383e-01
-8.497411755954518142e-01 2.945647351882036968e-01 2.202447072197409206e+00
-9.507835034242609895e-01 3.026598175776373245e-01 2.150556741301546282e+00
2.007428816386631620e-01 3.240000009536743164e-01 1.394000015939985015e+00
-3.390000462532043457e-01 -2.490000128746032715e-01 1.781000018119812012e+00
-2.579999632305569057e-01 6.333333717452155343e-01 1.688166674640443565e+00
-5.873999983072281106e-01 -6.975749924778937849e-01 2.954375046491622747e+00
-6.506999927759170577e-01 4.540800118446350342e-01 1.948220015764236424e+00
-1.626818071712147207e-01 2.176363793286410220e-01 1.379954500631852543e+00
-1.199998174394879998e-02 1.722857270921979711e-01 1.293285736015864718e+00
-4.961538406518789524e-01 6.313846844893235000e-01 1.632153877845177181e+00
2.068421213250411228e-01 3.189472148292943343e-02 1.377894677613910934e+00
-1.038144592779228548e+00 3.325308661863028269e-03 1.948963870485144856e+00
3.960000276565551758e-01 2.760000228881835938e-01 1.078999996185302734e+00
1.620000123977661244e-01 2.999997138977050781e-02 1.375999927520751953e+00
-2.481315622204228466e-01 -6.078942825919703662e-03 1.893026317420758664e+00
-5.772150468222702474e-02 2.536708946469463655e-01 1.357012680814235983e+00
-9.796499818563461082e-01 1.230001151561737130e-02 2.242400008440017523e+00
2.492142979587827489e-01 2.571428886481693654e-01 8.075000026396342845e-01
-4.030909068656690075e-01 1.476363702253861987e-01 1.797272736375982172e+00
6.970344822982261768e-01 1.069655212862738181e-01 1.348689679441780864e+00
6.580000400543213335e-01 -2.304000218709309766e-01 1.940400012334187796e+00
9.370213873842929420e-02 3.587234159733386774e-01 1.838255334407725261e+00
-8.827499877661466599e-01 -3.951874896883964539e-01 2.148937538266181946e+00
-1.008613617582754696e+00 -1.470681672746484980e-01 1.900386371395804685e+00
-8.007777691991241342e-01 6.391666641941776694e-01 1.546222230902424499e+00
-6.802325442779896258e-01 -7.412092990653459390e-01 2.542511640593062783e+00
-4.984917963137391883e-01 3.077705023718662058e-01 1.990557404815173514e+00
-3.360000054041544781e-01 -4.000000026490952987e-01 3.068666749530368332e+00
5.112767219543457031e-02 3.564893768188800993e-01 1.300936165008139023e+00
3.503662095942967625e-01 6.760566671129683569e-02 1.353774666786193848e+00
1.939565435699794615e-01 -1.084043448385985098e+00 3.240826114364292465e+00
2.993181998079473272e-01 2.623636397448452784e-01 8.046363700519908457e-01
-1.920000314712524414e-01 2.460000514984130859e-01 1.430000066757202148e+00
-8.394146270868254600e-01 -5.964146212833684180e-01 2.052097532807326985e+00
-9.936985414322108134e-02 9.369866488731070503e-03 1.349698652959849809e+00
7.513636599887500989e-01 -1.198609088767658593e+00 2.901254566149277903e+00
-8.978969006194281732e-01 -4.477113374729746464e-01 2.000309334587805132e+00
-8.904749922454356925e-01 6.404249995946884599e-01 1.498849999904632524e+00
-1.096019998788833716e+00 2.618400132656097390e-01 2.157260057926178032e+00
-2.017272620490103141e-01 -1.829090877012773120e-01 1.861363647562084722e+00
-1.136400020122528165e+00 -7.667999982833861861e-01 2.079800081253051935e+00
-9.149174329337723677e-01 -3.967155852449049669e-01 2.001156020601955188e+00
-1.088970279929661444e+00 1.052673311516790083e-01 1.849227734131388079e+00
-3.509702930356016215e-01 5.936435756116810181e-01 1.751089124396295826e+00
1.617857302938188746e-01 4.432500089917864039e-01 2.144107175724847103e+00
-9.438064431631436602e-01 -2.966451529533632447e-01 2.000451669898084539e+00
-8.500909082817308393e-01 3.165454521323695092e-01 2.159454623858133804e+00
6.300001144409179688e-01 -8.939999938011169434e-01 2.870000123977661133e+00
-7.007045386867090109e-01 4.182273027571765112e-01 2.007977346127683305e+00
2.508000135421752930e-01 8.893333276112874719e-02 1.292133336597018678e+00
-1.045249988635380989e+00 1.439999987681706839e-01 2.248874992132186890e+00
-9.300000071525573730e-01 -8.100000023841857910e-01 2.228000164031982422e+00
-8.604705894694608670e-01 -8.248235127505134656e-01 2.254823474323048416e+00
8.700001239776611328e-01 -8.339999914169311523e-01 2.728250086307525635e+00
-1.920000314712524414e-01 -3.120000362396240234e-01 3.016999959945678711e+00
-9.554157263777228737e-01 -2.966966200410650067e-01 1.949101138650701337e+00
-2.980624909202257977e-01 -3.358125078181425915e-01 1.751250019917885536e+00
1.847027314675820930e-01 -1.509729494919647974e-01 1.689459465645455127e+00
-5.099998371941702469e-02 1.345715522766113316e-02 1.349085732868739562e+00
-4.503310285765549370e-01 -8.977241306469357918e-01 2.904220743837027552e+00
2.179999748865763254e-01 -1.077999949455261230e+00 3.121999979019165039e+00
-6.999759049300687819e-01 -7.470361382128244410e-01 2.449421684425997281e+00
7.800006866455078125e-02 -8.789999783039093018e-01 2.671999931335449219e+00
9.738462704878586562e-02 1.869231003981370320e-01 1.141307679506448514e+00
-8.518709649321853927e-01 -2.462580486010479686e-01 2.451870951601254234e+00
-2.495897264562101370e-01 -1.005128173746614312e-01 1.856717966560624600e+00
-1.149230736952561588e-01 -3.770769100922804484e-01 1.869846142255342958e+00
6.804257324061443232e-04 -1.234206202103919514e+00 2.955793828079380958e+00
-3.160909062082117305e-01 4.022727554494684443e-01 2.094363673166795170e+00
7.260000705718994141e-01 1.080000400543212891e-01 1.370000004768371582e+00
4.002857492083594648e-01 -1.165714207149687320e-01 1.689999994777497738e+00
5.357142595144418484e-01 -1.093384597327683005e+00 3.001142873868837491e+00
-6.978823472471797906e-01 3.425882458686828613e-01 2.150117694162855031e+00
-9.236250221729278564e-01 -2.066249921917915344e-01 2.214500069618225098e+00
5.426557181311435496e-01 -1.094459000180979302e+00 2.950163974136602807e+00
1.530555718474918003e-01 -4.000555442439185372e-01 2.856944488154517181e+00
6.513000249862670454e-01 5.450001955032348494e-02 1.450000019868215029e+00
9.985714937959398740e-02 3.728572385651724580e-02 1.343642873423440021e+00
-3.320000171661376953e-01 1.220000187555948939e-01 1.668999969959259033e+00
1.000500007679588022e+00 -1.138736861316781201e+00 2.696473702004081208e+00
1.154484864437218761e+00 -1.093575741305495841e+00 2.668666685470427069e+00
9.785714887437366172e-02 -1.328571467172531828e-01 1.656428564162481409e+00
-3.371020506839362829e-01 -2.928979518462200282e-01 1.733306152479989093e+00
2.320000131924947195e-01 -4.280000130335490094e-01 2.829000075658162583e+00
6.007500141859054565e-01 6.762502590815226700e-02 1.401000000536441803e+00
-8.033684115660818525e-01 6.230526974326685563e-01 1.571473667496129156e+00
5.304000377655029297e-01 -6.287999987602234109e-01 2.575999975204467773e+00
-3.011311380589594688e-01 5.465409912046839125e-01 1.849606569673194256e+00
-5.670000016689300537e-01 -9.389999806880950928e-01 2.662999987602233887e+00
7.981348345788676912e-01 -1.150348313069075701e+00 2.895382034644652158e+00
5.415000200271606889e-01 2.541000187397003396e-01 1.050899996360143085e+00
-1.384599392230694134e-03 1.698462596306433980e-02 1.353753863848172756e+00
-5.287499949336051941e-01 -9.884999841451644897e-01 2.878249943256378174e+00
4.440000057220458984e-01 -8.640000224113464355e-01 2.768000125885009766e+00
-8.981012611449519234e-01 2.895949656450295673e-01 2.199291135691389343e+00
-1.072378367991060788e+00 1.435135184107600159e-01 1.956378398714838873e+00
-8.031724054237892041e-01 3.723103589025036908e-01 2.061448236991619165e+00
9.599995613098144531e-02 3.660000562667846680e-01 2.138000011444091797e+00
-5.973061128538481590e-01 3.877959446031220003e-01 2.087061298136808407e+00
-2.339999973773956299e-01 -1.267500370740890503e-01 1.901750013232231140e+00
-1.839999755223592215e-01 5.840000311533609656e-01 1.572999993960062737e+00
4.293333424462212333e-01 2.973333597183227539e-01 8.159999979866875419e-01
4.490000059207280292e-01 -2.624994516372680664e-02 1.517750004927317375e+00
5.110844646591738288e-02 3.505301331899252082e-01 9.073494112635233089e-01
-1.016718717291951180e+00 -1.524374783039093018e-01 1.853937510401010513e+00
-4.991612818933302553e-01 4.815484169990785768e-01 1.933032262709832860e+00
-7.983428478240967019e-01 -1.213028546742030533e+00 2.988285711833408964e+00
3.504000107447306500e-01 4.739999771118164062e-01 2.117199865976969519e+00
-5.599983533223469936e-03 -1.268000364303588923e-01 1.619200007120768170e+00
-9.779999852180480957e-01 -1.740000247955322266e-01 2.029999971389770508e+00
-1.066295449029315501e+00 1.515000123869288950e-01 2.000272780656814575e+00
1.470000147819519043e-01 2.043750286102294922e-01 1.140874981880187988e+00
5.926070389924225582e-04 4.577779622725498820e-02 1.300740740917347038e+00
-8.967692249423855344e-01 -3.453626357592068929e-01 2.152307743554586761e+00
1.260260882584945064e+00 -7.479130496149477558e-01 2.694434787916100582e+00
5.047974775109109746e-01 -1.046962032589731306e+00 3.057025351101839039e+00
-8.019285641965412381e-01 6.612857693717593133e-01 1.508071442445119148e+00
2.189999818801879883e-01 -1.920000314712524414e-01 1.621999979019165039e+00
-9.313846184657170735e-01 -3.839999865262936352e-01 1.943538473202631955e+00
-9.199500069022178428e-01 -7.100999906659126726e-01 2.107399952411651789e+00
-5.481553274450949864e-01 5.911456612707342018e-01 1.697961173011261371e+00
5.000281871204644846e-01 2.196338126357172682e-01 1.105661983221349676e+00
1.555570849665889122e-03 -1.127777783959000163e-01 1.596222235096825592e+00
-1.939999659856160574e-01 1.019999980926513672e-01 1.231000026067097908e+00
-6.538636278022419424e-01 4.719545461914755879e-01 1.911636379632082772e+00
-5.033896737179513470e-02 -9.661019858667406132e-03 1.393593228469460765e+00
-9.897560317341874692e-02 2.040000223531955592e-01 1.345219521987728983e+00
9.150002151727676392e-02 -3.376875109970569611e-01 2.930937573313713074e+00
9.812500824530918930e-02 -7.974999397993087769e-02 1.557624995708465576e+00
-8.169999818007150916e-01 -6.250000099341074256e-01 2.003000060717264663e+00
-3.087341709981990534e-01 -8.925569532792779759e-01 2.834911433956291305e+00
2.988857337406703452e-01 1.671428782599312934e-01 1.156914290360042008e+00
-8.009999909184195577e-01 3.531136485663327051e-01 2.099886357784271240e+00
-6.457777707665054434e-01 5.833333598242865792e-01 1.680666671858893402e+00
-3.719999790191650391e-01 1.100000143051147461e-01 1.730000019073486328e+00
-5.599199914932251332e-01 3.885600233078003174e-01 2.086160068511962784e+00
9.976000785827636441e-02 6.056001822153727482e-02 1.300639999707539962e+00
6.001454627875125736e-01 -5.977818051973978752e-01 2.552800044146450897e+00
-6.495555495774304466e-01 1.678889106821130905e-01 2.462444376062463913e+00
-1.844999790191650391e-01 2.857500314712524414e-01 1.423250019550323486e+00
6.977647080140955138e-01 -1.569176267175113326e-01 1.939576479967902722e+00
-1.087692272968781293e-01 1.618461731152656680e-01 1.330615428777841336e+00
-9.385713083403450507e-02 -9.010714271238872142e-01 2.716357145990644373e+00
-8.925168474068801983e-01 -3.968089765377258993e-01 2.099977533469039592e+00
-7.499999934434891102e-01 1.129800081253051758e-01 2.549960029125213801e+00
-9.993333161613087157e-01 2.482963079287681951e-01 2.248962949823450241e+00
1.100869541582853856e-01 3.691304611123126245e-01 9.301739153654678960e-01
-8.793214112520217896e-01 -4.413214347192219167e-01 2.095142883913857723e+00
-7.521428508417946635e-01 6.644572019577026367e-01 1.512285726411002118e+00
-3.607825921929400659e-01 1.935652442600415968e-01 1.746434802594392099e+00
4.482711937467930841e-01 -1.362711777121333734e-01 1.751661031933154034e+00
-4.624166488647460938e-01 -8.386666592624452132e-01 2.936750037802590363e+00
-3.490851052263949650e-01 -2.378935966085880260e-01 3.211617041141428874e+00
-1.123499959707260076e-01 -2.024999916553497370e-01 1.919300031661987260e+00
-1.504370755707191420e-01 -3.449006617463977187e-01 1.850913927255087410e+00
-5.006896498902090320e-01 6.465517241379310498e-01 1.600844836440579622e+00
-9.011538424170933981e-01 -7.473461467486161025e-01 2.150403884740976324e+00
-5.498181676322763112e-01 -5.454543503847988917e-02 2.920590910044583488e+00
5.490612497135084480e-01 -2.542652828352792160e-01 1.909938775763219798e+00
-7.860000133514404297e-01 -9.629999995231628418e-01 2.669000029563903809e+00
3.167999982833862305e-01 -1.800000667572021484e-02 1.479199934005737349e+00
-9.632727296063394729e-01 -4.533636299046603368e-01 1.702636373765540778e+00
3.493125140666961670e-01 2.006252110004425049e-02 1.413499999791383743e+00
-1.024799919128417947e-01 7.656005859374999389e-02 1.214719996452331641e+00
-2.972307755396916273e-01 -4.892306144420917324e-02 1.894307695902310851e+00
-9.810769053605886691e-01 -4.335384643994845133e-01 1.693230778743059162e+00
1.987500233309609510e-01 4.682142989976065262e-01 2.111857073647635197e+00
2.080002625783284459e-02 -1.911999861399332756e-01 1.744000021616617824e+00
3.499636498364535053e-01 1.194545550779862880e-01 1.258400006727738774e+00
-7.987058758735656738e-01 3.349411791446162412e-01 2.140352969076119383e+00
1.620000170336829415e-01 -1.244083339969317192e+00 3.109416673580805313e+00
-9.749999145666758682e-02 -1.175000270207723040e-02 1.388750004271666283e+00
-5.499795796919841884e-01 6.133469367513850745e-01 1.650040821153290427e+00
3.004444572660658341e-01 -1.166666525381582775e-01 1.641555565374868797e+00
-1.035454573053302241e+00 1.172727418668342292e-01 2.250545436685735368e+00
1.144732418194623014e+00 -1.334366193959410640e-01 2.508816933967697782e+00
-9.183200025558471147e-01 -3.465599981943766061e-01 2.053279968897501639e+00
4.517142772674560547e-01 1.731428759438650988e-01 1.171142799513680499e+00
8.400003115336100723e-02 1.260000467300415039e-01 1.171999931335449219e+00
-5.024347771768984394e-01 4.678261003632476212e-01 1.956695670666901865e+00
3.529285788536071777e-01 1.343571288245064832e-01 1.232428597552435834e+00
1.668000221252441406e-01 8.399999141693115234e-02 1.281199979782104537e+00
5.028750201066335412e-01 -1.032499969005584717e-01 1.704375006258487701e+00
-9.627999989191691199e-01 -4.535997549692789843e-02 2.247519992192586358e+00
9.875410697499259483e-02 -1.025901602917030225e-01 1.600557387852277857e+00
-2.642999708652496449e-01 5.631000161170959251e-01 1.743800026178359941e+00
-3.524464230452264979e-01 -6.057856939733028412e-01 2.993589303323200834e+00
-1.056461526797368045e+00 1.443076989589593406e-01 2.201538489415095334e+00
1.110000014305114746e-01 1.319999694824218750e-01 1.177999973297119141e+00
-8.296551766066715405e-01 -2.873793018275293543e-01 2.487655220360591279e+00
1.540714417185102270e-01 1.337142671857561305e-01 1.183571432318006211e+00
-3.512033860562211451e-01 -3.949321983224254318e-01 3.096423737073348725e+00
-1.799999475479125977e-01 1.860000292460123605e-01 1.370000004768371582e+00
3.000000192877951832e-01 1.454157414061299780e-01 1.198764048265607229e+00
-5.653333299689822233e-01 -1.191333333651224846e+00 2.864333417680528626e+00
-9.940908307378942821e-02 5.890910598364743067e-02 1.249181831424886591e+00
-4.081904680009872388e-01 -1.522856931837778260e-01 1.720476197817969011e+00
-9.989411603001987494e-01 2.948823840010399988e-01 2.150647107292623872e+00
8.532973302377236946e-01 -4.079999923706054688e-01 2.517297338795017492e+00
3.840000629425048828e-01 -3.659999370574951172e-01 2.779999971389770508e+00
-8.412916627195146102e-01 -9.874166544112894517e-01 2.646583353479703415e+00
-9.959277015134512245e-01 -4.554214104112372374e-02 2.100337350224874111e+00
-9.610212730600479203e-01 -4.459148899037786995e-01 1.750808526860906822e+00
-1.057891889735385060e+00 -9.616215701575751840e-02 1.751837853912834753e+00
-1.913333166213262715e-01 3.524762032523987565e-01 1.462190497489202601e+00
3.517894870356509385e-01 -1.274526288634852289e+00 3.019052605879934070e+00
2.592000007629394753e-01 -1.061999988555908159e+00 3.238400030136108221e+00
6.914999961853027788e-01 -3.297000110149383434e-01 2.638399994373321622e+00
-1.631999731063842884e-01 -8.243999838829040305e-01 2.828000068664550781e+00
9.681250900030136108e-02 1.467500080664952689e-01 1.147249994178612953e+00
-5.471874866634607315e-01 4.424375084539254321e-01 1.997375044971704483e+00
-4.368000030517578125e-01 -3.240000009536743164e-01 1.699999999999999956e+00
-1.129565244135649404e+00 2.608695807664290767e-01 2.000782650450001476e+00
-1.498991501431505280e-01 2.551260615597252257e-01 1.392840355384249662e+00
-8.493253014173852700e-01 5.684819480022752503e-01 1.653734935335366085e+00
3.986582620234428997e-01 -3.980506205860572799e-01 2.749544306646419578e+00
-9.720000028610229492e-01 -2.159999608993530273e-01 1.970000028610229492e+00
3.240000009536743164e-01 2.820000648498535156e-01 1.220000028610229492e+00
2.598181926842891842e-01 -6.101818012468742669e-01 2.716727278449318828e+00
3.166874982416629791e-01 -5.609999913722276688e-01 2.717375010251998901e+00
-6.299999952316284180e-01 -1.679999828338623047e-01 3.115999937057495117e+00
-1.001886783343441056e+00 -9.566037272507289801e-02 2.000226471783979942e+00
-7.739999890327453613e-01 -6.660000085830688477e-01 2.222000122070312500e+00
-2.459999864751642451e-01 3.136361729015003236e-02 1.831727282567457760e+00
-5.309999883174896240e-01 5.820000171661376953e-01 1.730000019073486328e+00
2.068739618573869898e-01 -1.242151264383011489e+00 3.137126083133601195e+00
1.498554370489465215e-01 1.308434986206422415e-02 1.401445790945765379e+00
3.905454874038696289e-01 -1.270909417759288340e-01 1.715818177569996328e+00
1.955000360806783133e-01 -1.994999845822652274e-01 1.806000014146168953e+00
-1.052322575161533935e+00 -5.464838613425532232e-01 1.798806461595719774e+00
-7.833061133112225738e-01 -6.367346924178454159e-01 2.245632658199387954e+00
7.200002670288085938e-02 1.560000181198120117e-01 1.124000072479248047e+00
-8.628000020980834961e-01 3.780000209808349609e-01 2.022800159454345881e+00
-5.339998602867126326e-02 -2.519993782043456962e-02 1.420399999618530362e+00
-9.418866994245997382e-02 4.434339730244762356e-01 1.466566072320038439e+00
-1.051575761852842295e+00 2.595757715629808948e-01 2.201878800536646974e+00
-8.662857224070836804e-01 -4.035237989728412966e-01 2.205333357765561164e+00
3.984545794400302099e-01 7.240912318229675293e-02 1.357318200848319334e+00
3.482222358385722027e-01 -3.277774210329408716e-02 1.501111118881790718e+00
7.892727418379350546e-01 4.090910608118230457e-02 1.505272746086120605e+00
-9.240000247955322266e-01 -8.880000114440917969e-01 2.605999946594238281e+00
-1.139999628067016602e-01 -9.660000205039978027e-01 2.798000097274780273e+00
-1.475454406304792798e-01 -3.771818036382848516e-01 1.852590921250256706e+00
-1.498846033444771464e-01 5.123079052338233574e-02 1.250403858148134706e+00
-5.598805867024322369e-01 -7.944179043841006482e-01 2.953552281678612612e+00
8.674816912915333730e-04 -6.506020764270460666e-03 1.397686748619539232e+00
-9.412758607288886914e-01 -4.872413698969216278e-01 1.749551742241300278e+00
-2.011999902271089102e-01 5.046857425144740672e-01 1.542742864290873150e+00
-1.498846044907203023e-01 5.554615488419165636e-01 1.545096156688836819e+00
5.443333519829643974e-01 -7.313333286179436454e-01 2.554000006781683929e+00
-5.999160746594408566e-01 6.578182240466138309e-01 1.548993013955496378e+00
-5.015121901907572122e-01 6.668780780420070498e-01 1.559878045465888041e+00
-5.789999961853027344e-01 -1.115999937057495117e+00 2.828000068664550781e+00
2.047826233117476802e-01 -7.878260249676911908e-02 1.563695645850637694e+00
2.491034598186098181e-01 -8.037930727005004883e-02 1.561172409304257158e+00
-6.336226350856277723e-01 -6.894339581705489772e-01 2.792113209670444629e+00
-4.640769041501559000e-01 3.355384744130648356e-01 2.019384750953087337e+00
-9.448333291543854484e-01 -1.470833172400792532e-01 2.201250010066562179e+00
-9.897777062875252885e-02 -2.970666576314855423e-01 1.902311117560775200e+00
-2.280000448226928711e-01 5.429999828338623047e-01 1.572499990463256836e+00
5.759999752044677734e-01 -2.399992942810058594e-02 1.574000000953674316e+00
-7.529999911785125732e-01 6.240000724792480469e-01 1.574000000953674316e+00
5.990377484627489313e-01 -2.919056516773295695e-01 1.906037748984570790e+00
-3.839999039967854910e-02 -1.123999913533528655e-01 1.588800009091695165e+00
-9.359999895095825195e-01 -5.309999883174896240e-01 1.801999986171722412e+00
-8.789999857544898987e-01 -3.074997663497924805e-02 2.785249978303909302e+00
9.977778350865398882e-02 3.569444627673537540e-01 1.300499999964678688e+00
4.008000373840331920e-01 -8.399998744328816824e-02 1.600000003973643059e+00
-8.457930992389547376e-01 3.318620879074622998e-01 2.132413765479778345e+00
-5.494897827810171220e-01 5.641224943861669061e-01 1.751306138476546925e+00
2.014405777404358333e-01 -5.973985891242127311e-01 2.754993043579421652e+00
3.502344961824088165e-01 -1.042593114129428233e+00 3.155724143981933683e+00
-9.456470538588130914e-01 5.856471014957801424e-01 1.594000012266869604e+00
-3.103448275862069061e-01 4.351034616601878180e-01 2.036620682683484507e+00
-1.906666490766737165e-01 -1.499999231762356305e-02 1.931333329942491295e+00
-4.350000023841857910e-01 -9.638709214425855709e-02 1.742774217359481348e+00
5.400001797182806679e-02 3.738620795052626788e-01 1.262310352818719172e+00
-5.987441761549129327e-01 6.359999983809715429e-01 1.594372101994447899e+00
-8.975999951362609863e-01 4.868800210952758944e-01 1.794240005811055472e+00
-8.321311444532676349e-01 -5.917376954047406379e-01 2.096196741354269921e+00
-4.504999951882796005e-01 6.534091252269167427e-01 1.600590918100241566e+00
-9.520327820152533205e-01 -8.862294984645531226e-01 2.161311579532310567e+00
-1.012213685130344959e-01 -9.774045270817879882e-02 1.961297729543147295e+00
-3.987961070051471157e-01 6.605243243060066050e-01 1.601495154853006087e+00
4.979105849764240560e-02 -8.256715803004022192e-02 1.550358213595489865e+00
-1.898399829864501898e-01 9.095999717712402455e-02 1.204879989624023429e+00
-2.958461458866412652e-01 6.326538828703073269e-01 1.684307699020092253e+00
-8.474374966075023385e-01 -3.957499886552492963e-01 2.298187541464964401e+00
-6.491764643613029406e-01 4.356470669017118436e-01 1.985764725535523745e+00
-1.949999779462814331e-01 -9.307500049471855164e-01 2.715499997138977051e+00
-3.001124896109104156e-01 -9.460499990731477959e-01 2.803437496721744360e+00
4.644000053405761830e-01 -8.628000020980834961e-01 2.816000032424926580e+00
-5.016585326776271669e-01 6.174878318135331723e-01 1.654853652163249755e+00
5.007541150343223224e-01 -2.962131070308998138e-01 1.903508212722715864e+00
8.625002702077229355e-02 3.937500317891438617e-01 2.111999928951263428e+00
-5.984999913544881700e-01 4.390000062329428299e-01 1.992500034116563290e+00
-9.931304195652836952e-01 5.350434054499086933e-01 1.680173920548480471e+00
2.503516608542138422e-01 -1.906153762733543422e-01 1.642637377256875419e+00
3.987000346183776633e-01 -1.005000025033950806e-01 1.648550009727478116e+00
5.464800167083739835e-01 -7.655998706817626620e-02 1.653439998626708984e+00
-1.047811771841610229e+00 2.892000296536613724e-01 2.146400050555958394e+00
-9.208235378358878842e-01 -5.152938880172430042e-02 2.404588231853410196e+00
9.315000772476196289e-01 -1.107999980449676514e+00 2.792000005642572891e+00
3.495000004768371582e-01 5.054999589920043945e-01 2.070500016212463379e+00
3.517777875617698613e-01 -9.511110076197872021e-02 1.599555567458823768e+00
-4.471267562516977878e-01 6.345633923167913748e-01 1.640507055000520076e+00
-9.890294013654484795e-01 -8.007352913127225857e-01 2.138264719177694673e+00
-7.634482623516828381e-01 -6.964827515613073450e-01 2.248344813270130249e+00
-3.028489128291178001e-01 -7.925611447087295147e-01 2.886532375280805418e+00
-4.540363550186157227e-01 6.211636890064585748e-01 1.661599989370866171e+00
-2.350588125341078749e-01 4.895294273600858670e-01 1.665764689445495605e+00
7.501363808458502147e-01 -1.163454538041895026e+00 2.940772755579514897e+00
-3.666428284985678299e-01 1.594285879816327856e-01 1.741142886025565106e+00
-9.720000028610229492e-01 -4.169999957084655762e-01 1.723999977111816406e+00
-1.098124979684750313e+00 -5.456874892115592957e-01 1.751562520861625671e+00
-1.611599874496459917e-01 5.146800422668457164e-01 1.530440032482147217e+00
6.975999991099040010e-01 -2.799995740254719936e-02 1.613200008869171143e+00
1.107693177003126958e-02 -1.622307483966533848e-01 1.688461546714489225e+00
1.502368575648257709e-01 -1.496052396924872074e-01 1.701026323594545087e+00
-8.495121947148951413e-01 3.455122026001534730e-01 2.100097560301059652e+00
-1.039999961853027288e-01 2.360004583994547434e-02 1.317599995930989643e+00
1.025833338499069214e-01 -1.103666658202807183e+00 3.248916675647099961e+00
5.055600214004516424e-01 -7.137599873542785911e-01 2.516480035781860192e+00
-4.169999957084655762e-01 3.137999892234802357e-01 2.234000062942504972e+00
4.504736912877936317e-01 -1.113157868385314941e-01 1.701736858016566156e+00
5.508813817622297826e-01 -9.589830697593042241e-02 1.704067804045596324e+00
7.073898072970115081e-01 6.024406683647026695e-01 1.950474593598963802e+00
-6.000508378117771491e-01 5.563220856553416915e-01 1.750338995860794888e+00
-1.500465001246725771e-01 1.532558258189711531e-01 1.342604660248571502e+00
-2.498999734719594412e-01 5.079000314076741462e-01 1.690800009171167906e+00
-9.996774017169911541e-01 5.187097287947132207e-01 1.704516137799908959e+00
6.512689886421992869e-01 -9.953379166537317246e-01 2.606868918188686823e+00
-3.997627011800216623e-01 6.110847339791766197e-01 1.700152549703242366e+00
-8.587058831663693104e-01 -3.964941052829518142e-01 2.248752927780151456e+00
-3.814285652978079422e-01 -7.645714197840008941e-01 2.923142875943864905e+00
-1.034842127247860510e+00 5.142631781728643769e-01 1.708368426875064294e+00
4.935850287383457269e-02 -3.147166630007185856e-02 1.455698128016489790e+00
-5.499999880790710227e-01 6.622857616061256225e-01 1.556057139805385070e+00
8.043529566596535618e-01 -1.090941176694982140e+00 2.814941167831420898e+00
8.513970279214370107e-01 -8.469045186162593719e-01 2.856492494218912714e+00
-4.871249869465827942e-01 2.883750349283218384e-01 1.967375017702579498e+00
7.485714469637189117e-01 -7.799998919169108536e-02 1.713714298747834652e+00
-3.704999685287475586e-01 -6.149998307228088379e-02 1.771999955177307129e+00
-1.864499777555465587e-01 -1.193100002408027605e+00 2.970050108432769953e+00
9.996429298605237490e-02 3.348214328289031982e-01 1.339571441922869033e+00
3.925714577947344019e-01 -7.371429034641810429e-02 1.566714278289250029e+00
-1.439999341964721680e-01 -2.960000038146972656e-01 1.940000017484029060e+00
-1.074000000953674316e+00 -5.699998140335083008e-02 1.722499996423721313e+00
-1.063800004395571541e+00 -5.476363545114343312e-01 1.752418201619928562e+00
5.045806630965201656e-01 -1.987741954864994109e-01 1.943096791544268287e+00
-9.688965585725061169e-01 -4.049999898877637006e-01 1.758965527189189082e+00
2.487272864038294062e-01 4.696363779631527735e-01 2.113863549449227275e+00
-3.814285652978079422e-01 -1.888571353185744539e-01 1.731142884209042609e+00
1.836522040159805913e-01 -1.987826098566470023e-01 1.746956540190655272e+00
2.426170338975622287e-01 -1.487872182054722492e-01 1.653468081291685765e+00
9.842308438741244336e-02 -1.840384579621828498e-01 1.752153861981171845e+00
-4.384999970595042096e-01 -1.394999970992406302e-01 1.733000030120213752e+00
1.542353139204137580e-01 -1.665882082546458476e-01 1.732823561219608122e+00
-8.008387011866415772e-01 3.011613161333145383e-01 2.200838717081213591e+00
-5.123593967952085049e-02 6.451688187845637523e-02 1.249865182330099467e+00
1.128000020980834961e+00 -1.139999628067016602e-01 2.450000047683715820e+00
-4.484788716678888010e-01 -4.808450567890221183e-01 3.103323966684475632e+00
-3.975394626981333945e-01 -9.513157527697713167e-02 1.745592129857916674e+00
1.910000344117482596e-01 -1.066499978303909302e+00 3.234500030676523696e+00
3.473846392753796586e-01 3.669230907391279328e-01 1.744615408090444797e+00
-2.624999582767486572e-01 5.190000534057617188e-01 1.731500029563903809e+00
-9.987272566015069630e-01 4.944848556711216037e-01 1.751030318664781982e+00
-2.028648563333459720e-01 -8.918932966283849885e-04 1.903351360076182663e+00
9.527143410273960500e-01 -5.781428473336356344e-01 2.371571421623229980e+00
-3.659999760714444106e-01 -1.006909045306118994e-01 1.763381823626431588e+00
-4.622533119900126136e-02 4.418873266435005553e-01 2.099971831684381396e+00
3.997059183962204942e-01 -1.625293878947987325e-01 1.788588239866144569e+00
-7.670714181093942763e-01 -6.471428523461023596e-01 2.299857176485515797e+00
9.576000213623047097e-01 -2.837999939918517955e-01 2.519600057601928622e+00
-2.879999876022338867e-01 -1.439999341964721680e-01 1.842000007629394531e+00
6.000000146719125516e-01 -1.280769430674039422e-01 1.768076910422398562e+00
-9.009189154650714126e-01 3.122702761813326844e-01 2.152918972410597043e+00
-4.296000083287557225e-01 -9.999998410542805874e-03 1.770399975776672408e+00
-4.969229147984431660e-02 -6.092305366809551426e-02 1.489230755047920463e+00
-1.062999983628590828e+00 4.739999771118164062e-01 1.770999968051910400e+00
-8.894173132153008199e-01 -7.438110174156549181e-01 2.203149626574178566e+00
2.498343322404037448e-01 -5.468875638832001451e-01 2.755289969359629332e+00
-9.707368486805966201e-01 -3.541578838699742104e-01 1.806578962426436563e+00
-1.026818210428411371e+00 -1.813636313785206289e-01 1.787545458836989010e+00
-7.500495802272449941e-01 4.118182166548799983e-01 2.001041380827091931e+00
6.518889179936161460e-01 -1.814444374155115280e-01 1.937666670039847938e+00
5.363637750799005871e-02 -2.107272762240785524e-01 1.789454546841708016e+00
3.517000118891397964e-01 -5.709998011589050015e-02 1.538200014829635531e+00
-8.036170132616733408e-01 3.201702021537943255e-01 2.165063898614112414e+00
-3.018165061233240576e-01 -1.529724543247747981e-01 1.797706426830466775e+00
-1.093615394372206451e+00 -7.450384566417107557e-01 1.858307691720815891e+00
-1.523571248565401270e-01 -3.113571341548647120e-01 1.856750013572829205e+00
-4.956190415791102977e-01 3.456190597443353774e-01 2.014285814194452406e+00
-2.458965387837640237e-01 -1.848620587381823444e-01 1.842448285941419961e+00
6.481818430351488081e-01 -1.338181784658721007e-01 1.792545463099624259e+00
-2.999997138977050781e-02 8.399999141693115234e-02 1.226000070571899414e+00
-3.527368369855378716e-01 -4.775789327788771410e-01 3.049578976212886428e+00
-3.948679139029304674e-01 6.000007098575808016e-03 1.789264157133282351e+00
8.190000057220458984e-01 -4.169999957084655762e-01 2.522000074386596680e+00
-8.490566032112769612e-01 5.139622879478166206e-01 1.752132090757478000e+00
-9.824999868869781494e-01 -6.749999970197677612e-01 2.109499990940093994e+00
6.510000260252701842e-01 -1.096697356355817776e+00 2.853697405049675506e+00
2.400004863739013672e-02 -1.238000035285949707e+00 2.985999981562296401e+00
-8.168571250779288473e-01 -4.494285678106640924e-01 2.351428618506779866e+00
-8.355681774291124908e-01 -3.935454406521536885e-01 2.348954577337611926e+00
4.837500303983688354e-01 -3.764999806880950928e-01 2.726750075817108154e+00
1.507924697684042137e-01 -6.456226365371320330e-01 2.752716995635122732e+00
-9.528799970944722419e-01 2.160005569458007656e-03 2.349840037027994821e+00
-1.033809554009210485e+00 1.552381118138631277e-01 2.348857171951778344e+00
-1.036117665907915875e+00 1.896470925387214179e-01 2.344588251674876389e+00
3.516164495520395783e-01 1.520548177092042597e-01 1.198383561552387455e+00
-6.501249931752681732e-01 2.395000060399373465e-01 2.341875006755193223e+00
-1.016999969879786248e+00 1.354999939600626535e-01 2.355000078678131104e+00
-6.518571348417372402e-01 2.241428749901907824e-01 2.362857239586966251e+00
-9.240000247955322266e-01 -6.399997075398762558e-02 2.370000044504801284e+00
-8.503199982643127042e-01 1.248000383377075168e-01 2.517200040817260565e+00
-6.393846135873061387e-01 -7.455384570818680556e-01 2.699923078219095718e+00
-4.516114214488438083e-01 -3.448114292962210503e-01 3.192560014724731499e+00
-5.477142717157091889e-01 4.800000190734863281e-01 1.930571419852120441e+00
-9.992829999833736654e-01 -6.798113145918216471e-01 1.953358510755142996e+00
-7.917036980758478393e-01 -4.951111012034946079e-01 2.400148135644418090e+00
6.610000928243001672e-01 -1.097999989986419678e+00 2.815999984741210938e+00
-1.000609736617018575e+00 1.026585392835663579e-01 2.396073155286835288e+00
-9.940799856185913441e-01 1.816800451278686446e-01 2.384479990005493377e+00
-1.004715768914473673e+00 1.608000178086130272e-01 2.406863152353387214e+00
1.052511647690174135e+00 -1.102465111155842559e+00 2.737720949705257034e+00
7.502424524287985008e-01 -6.428181757830609966e-01 2.448151513783618505e+00
-7.621956370446992812e-01 -5.461956431036409931e-01 2.450717381809068840e+00
6.409367006036299497e-01 -1.000480993639064842e+00 2.865215280387975127e+00
-6.351627859958383082e-01 -5.603720809138098558e-01 2.892046523648639234e+00
-9.957108325268848592e-01 1.428433814680719893e-01 2.446746998522654870e+00
4.096304774284362793e-01 -1.051695648742758671e+00 3.113717408283897203e+00
4.500001668930053711e-02 -9.179999828338623047e-01 2.738000035285949707e+00
1.053000032901763916e+00 -1.135808838640942398e+00 2.701470601208069588e+00
-8.219999670982360840e-01 -3.179999589920043945e-01 2.473999977111816406e+00
-3.520285674503871309e-01 -2.013428534780229706e-01 3.206428606169564599e+00
-8.339999914169311523e-01 5.339999198913574219e-01 1.730000019073486328e+00
-4.420000049802992326e-01 4.326666990915934430e-01 2.032999992370605469e+00
7.363846485431377875e-01 -6.445384690394768690e-01 2.485307739331171994e+00
4.506353013655718387e-01 -1.239882372407352218e+00 2.958800032559563142e+00
1.089599990844726474e+00 -3.342000126838683971e-01 2.489600062370300293e+00
7.500000000000000000e-01 -4.259999990463256836e-01 2.599999904632568359e+00
8.350909406488592479e-01 -5.288181792606007070e-01 2.482454581694169438e+00
-1.846148417546198935e-03 -9.064615368843078613e-01 2.732000039174006467e+00
-2.833333236199838123e-01 -8.111111058129204521e-01 2.865111200897782151e+00
-7.708928510546684265e-01 -5.544642763478415670e-01 2.405428567102977144e+00
-8.649375075474381447e-01 -1.490624807775020599e-01 2.500250048935413361e+00
-9.300000071525573730e-01 -2.399992942810058594e-02 2.498000065485636245e+00
-9.831999828418095388e-01 1.095999995867411314e-01 2.498300051689148038e+00
-6.314999908208847046e-01 -7.814999893307685852e-01 2.689000010490417480e+00
-7.732173826383508253e-01 -4.575652039569357288e-01 2.508695695711218754e+00
-3.989719531246435080e-01 4.532523456020889907e-01 1.999831833572031092e+00
5.511702425936435557e-01 -6.993829760145633401e-01 2.512234063858681754e+00
7.900000413258870813e-01 -6.739999850591024133e-01 2.504000067710876465e+00
1.071214386395045626e+00 -1.911428528172629260e-01 2.508928579943520809e+00
1.198736864223814758e+00 -1.322105328241983957e-01 2.510210555896424278e+00
7.074999928474425825e-01 -5.564999898274739509e-01 2.518800052007039270e+00
-1.997142774718148328e-01 -1.178571411541530084e-01 3.114285724503653263e+00
6.623478609582652554e-01 -6.063912886640300259e-01 2.519000053405761719e+00
9.696001052856445535e-01 -2.627999782562255859e-01 2.520200061798095525e+00
8.700001239776611328e-01 -7.179999748865762976e-01 2.518000046412149917e+00
7.014216917106904647e-01 -1.157277102929999968e+00 2.892771109040961353e+00
9.809999465942382812e-01 -2.760000228881835938e-01 2.519000053405761719e+00
7.739999294281005859e-01 -4.679999351501464844e-01 2.522000074386596680e+00
-9.498523457738377029e-01 -9.936241475527718414e-01 2.543261748832344349e+00
-1.044617661658455265e+00 -9.569117654772365533e-01 2.543705894666559608e+00
4.676363684914328633e-01 -1.105818163264881582e+00 3.070000092188517105e+00
-9.547999983742123664e-01 -9.546857124283200102e-01 2.557142895743960587e+00
4.450465191242306551e-01 -7.349999969781830789e-01 2.545720948729404132e+00
7.350000143051147461e-01 -1.019999980926513672e-01 1.787000000476837158e+00
4.650000104537376777e-01 -7.112307548522949219e-01 2.558692326912513249e+00
3.429999947547912598e-01 -3.750000000000000000e-01 2.840000033378601074e+00
5.479794138485623023e-01 -6.885773084827304658e-01 2.540494854917231482e+00
5.896800136566162642e-01 -7.034399890899658558e-01 2.540000009536742986e+00
5.951428640456426500e-01 -6.420952337128775778e-01 2.536666671435038101e+00
-4.524193463786955749e-01 6.721935387580625365e-01 1.566548384005023609e+00
-6.365373081235743413e-01 -7.937910387765115816e-01 2.648447776908305240e+00
-1.034857170922415692e+00 1.197142941611153699e-01 2.199714285986764217e+00
6.347999970118204383e-01 -8.924999922513962014e-01 2.951800032456715961e+00
9.788570744650704203e-01 -2.785714183534894750e-01 2.541714293616158749e+00
-3.506222195095486382e-01 -7.955111062085187257e-01 2.901466735204060843e+00
-8.186315559504324657e-01 -2.529473472059818873e-01 2.556842147258290066e+00
-2.760000228881835938e-01 -8.700000047683715820e-01 2.822000026702880859e+00
2.460723023816763499e-01 4.153735278600669822e-01 2.196771044328988509e+00
-9.418032638362197062e-01 -8.397049102626863437e-01 2.198688538348088528e+00
1.350000143051147461e+00 -5.820000171661376953e-01 2.756000041961669922e+00
2.441739245601322328e-01 -7.862608607696450758e-01 2.642326093238332785e+00
-8.640000045299529585e-01 -1.027714235442025309e-01 2.552428603172302246e+00
8.280000686645507812e-01 1.199996471405029297e-02 1.567999958992004395e+00
4.489887718404276806e-01 -5.456292033195495605e-01 2.649011252971177566e+00
-1.936363480307839169e-01 -1.241127276420593173e+00 2.995672737468372482e+00
-9.839999892494895040e-01 9.545454111966220068e-02 2.540000005201859867e+00
-8.999387700946963609e-01 1.035918337958199598e-01 2.548755127556470157e+00
-8.491724126640407544e-01 1.071034436938406442e-01 2.548620709057511924e+00
-2.025176377857432763e-01 -8.966117567875806493e-01 2.796411783554974662e+00
8.280000686645507812e-01 -2.779999971389770508e-01 1.907999992370605469e+00
5.496414069471687869e-01 -6.459310289086966916e-01 2.555434526246169735e+00
5.820000171661376953e-01 -7.260000109672546387e-01 2.569999933242797852e+00
6.140454736622896759e-01 -6.569999944080006093e-01 2.517772772095419942e+00
9.497777620951334265e-01 -1.855555375417073660e-01 2.560444505126387771e+00
-2.107499837875366211e-01 -3.719999790191650391e-01 3.082999944686889648e+00
-2.603999853134155162e-01 -9.839997291564941961e-02 3.074000120162963867e+00
-6.299999952316284180e-01 -8.804999887943267822e-01 2.591750025749206543e+00
6.606000423431396262e-01 -7.169999778270721436e-01 2.589199995994567960e+00
-9.854823385967927951e-01 -4.411761900957893168e-02 2.151270636390237190e+00
1.070800097783406679e+00 -1.463999509811401423e-01 2.542800045013427823e+00
1.341333362791273354e+00 -1.093333330419328453e+00 2.636666668785943024e+00
4.877143076487949758e-01 -6.797142752579280467e-01 2.575999975204467773e+00
4.498136724744524195e-01 -6.449813628048630676e-01 2.602496887586131624e+00
4.962353063564674538e-01 -6.405882326995625542e-01 2.583411777720731717e+00
-7.596346019552304707e-01 -2.469230603713255534e-01 2.753000025565807807e+00
-6.240000128746032715e-01 -8.640000224113464355e-01 2.504000027974446763e+00
6.526935677374562372e-01 -4.500967706403424806e-01 2.589403258215996484e+00
-7.832222117318047294e-01 -3.388888946285954495e-01 2.596000004697728958e+00
-7.942886555317750785e-01 -2.965979293449637622e-01 2.601855681114590091e+00
8.430000275373459306e-01 -2.946749985218047874e-01 2.584850001335143865e+00
9.479999542236328125e-01 -2.940000295639038086e-01 2.575999975204467773e+00
1.353000044822692871e+00 -1.019999980926513672e+00 2.630000114440917969e+00
9.499999682108560828e-01 -2.339999675750732422e-01 2.577999989191690933e+00
-8.297142897333417144e-01 -1.832571370261056043e-01 2.592800004141671444e+00
2.534706008200551808e-01 -7.999411751242244684e-01 2.610647056616989037e+00
1.082399940490722745e+00 -1.475999593734741155e-01 2.580800008773803889e+00
-3.404444544403641415e-01 -9.550000009713349725e-01 2.815999997986687653e+00
-8.006341384678352657e-01 8.765854777359380345e-02 2.589463414215460002e+00
-6.563414560585487667e-01 9.585365725726616160e-02 2.597146339532805825e+00
1.361999988555908203e+00 -5.370000004768371582e-01 2.815999984741210938e+00
4.020000696182250977e-01 -7.919999957084655762e-01 2.585000038146972656e+00
5.075343830944740314e-02 -7.472876649196833476e-01 2.752219200134277344e+00
1.203167722832342079e+00 -9.452795038312118425e-01 2.614198763178002149e+00
6.779999732971191406e-01 -4.409999847412109375e-01 2.636000037193298340e+00
7.920000553131103516e-01 -4.259999990463256836e-01 2.594000101089477539e+00
6.983835648183953637e-01 -8.459178037839393260e-01 2.614178085980349842e+00
-6.067894587391301497e-01 -8.974736779928207397e-01 2.648789487387004815e+00
1.014545505697077021e-01 -1.436362844524961477e-02 1.439454559123877431e+00
-3.567550924359535469e-01 -9.394897970618033556e-01 2.837183699315907859e+00
-6.186176354394239407e-01 -8.482941152418360664e-01 2.653294142554788237e+00
1.137230799748347287e+00 -7.172307463792654270e-01 2.617076947138859744e+00
9.585000872611999789e-02 -7.451499943931897407e-01 2.733600036303202252e+00
3.007730245590209961e-01 -4.949815843734273191e-01 2.753165669236446345e+00
-4.340000042208918551e-01 -4.522219410649052501e-02 1.761222236686282638e+00
5.190000534057617188e-01 -5.129999816417694092e-01 2.623000065485636245e+00
9.025384737895085774e-01 -7.015384596127730576e-01 2.501923111768869390e+00
1.278000116348266602e+00 -8.009999990463256836e-01 2.624000072479248047e+00
5.126317551261500016e-02 -1.087368392107779524e-01 1.600421064778378089e+00
3.504361021787600339e-01 4.534736961350405160e-01 2.150090289295167878e+00
1.515483990792305113e-01 2.555806521446474244e-01 8.117096779807921880e-01
-1.132500022649765015e+00 3.300000429153442383e-01 2.031499981880187988e+00
1.295142871992928546e+00 -2.760000228881835938e-01 2.815999984741210938e+00
7.834285667964390187e-01 -9.977142697288876594e-01 2.642571437926519273e+00
4.620000123977661133e-01 -1.110000014305114746e+00 3.151999950408935547e+00
-9.506956494372823530e-01 2.553913213204646593e-01 2.249217375465061508e+00
-8.564262316852319090e-01 -7.937213060308675461e-01 2.248557356537365326e+00
7.701600456237792658e-01 -8.963999915122985440e-01 2.649200029373168785e+00
2.106923094162574117e-01 -8.342307599691244357e-01 2.644076925057631478e+00
-6.493599963188171342e-01 -7.471999947230021366e-01 2.648480021158853948e+00
1.001894737544812619e+00 -7.571578831003423771e-01 2.644842105999327675e+00
4.457916749848259697e-01 -6.930416611333688470e-01 2.584875024027294632e+00
-1.049999892711639404e-01 -6.044999808073043823e-01 2.937500000000000000e+00
2.485161423683166504e-01 3.718064658103450437e-01 1.312516120172316114e+00
4.960001574622260184e-02 7.293336656358506698e-02 1.262533344162835025e+00
-2.086315698790968398e-01 -9.339999995733562210e-01 2.786631588350262589e+00
4.920000131012963740e-01 -5.342950723210319053e-01 2.636000007879538476e+00
6.611667076746622351e-01 -3.300000064902835484e-01 2.651833368672265046e+00
5.410754928049051893e-01 -3.425660392023482381e-01 2.688075486219154264e+00
-7.822856974034082533e-01 -2.889999889192126914e-01 2.643000023705618595e+00
-7.724117584088269206e-01 -3.056470506331500081e-01 2.658058846698087674e+00
8.640000820159912109e-01 -2.519999742507934570e-01 2.630000114440917969e+00
1.335176509969374647e+00 -2.006470596089082736e-01 2.651882389012504948e+00
-3.561818057840520635e-01 6.774545149369672892e-01 1.572909084233370614e+00
-8.837142728623890164e-01 -1.259999996139889777e+00 3.036285752341860711e+00
-7.099999984105428430e-01 -1.194666677051120285e+00 2.942000018225775726e+00
-6.087825963462608625e-01 2.032174148421356519e-01 2.400347802949988285e+00
9.946875646710395813e-02 -1.552499718964099884e-01 1.699343757703900337e+00
8.690001169840494422e-01 -7.854999899864196777e-01 2.663999994595845688e+00
-5.685517212440227564e-01 -7.586896440078472192e-01 2.958758674818894097e+00
5.186250507831573486e-01 -4.113749936223030090e-01 2.669375002384185791e+00
2.494468232418628473e-01 -1.011063798945000813e-01 1.596212775149243868e+00
8.781599426269530717e-01 -8.968799924850463512e-01 2.830160083770751900e+00
4.200000762939453125e-01 -5.159999728202819824e-01 2.671999931335449219e+00
1.101480926266153348e+00 -1.097312961825887667e+00 2.687389322819600412e+00
8.527125284075737222e-01 -9.947999857366085497e-01 2.836625017225742340e+00
-1.260000467300415039e-01 -8.700000047683715820e-01 2.773999929428100586e+00
-8.372727253220297872e-01 -9.778181747956709025e-01 2.689454541061863768e+00
-1.458181742465857189e-01 -1.100036353053468696e+00 2.965818260655258776e+00
-2.760000228881835938e-01 -4.079999923706054688e-01 3.019999980926513672e+00
8.694707085104549371e-01 -8.382352853522581082e-01 2.699176472776076530e+00
9.011764760110893002e-01 -8.052941140006569798e-01 2.680117630491069658e+00
9.491803567917620477e-01 -8.049836041497402395e-01 2.684786874739850226e+00
6.596471141366397895e-01 -6.734117514946881267e-01 2.467646991505342502e+00
2.015454738171069682e-01 -6.961558372169346365e-01 2.701259743083606946e+00
5.310000479221343994e-01 -1.098374985158443451e+00 3.034437529742717743e+00
2.888276165929333783e-01 -6.395862054550784936e-01 2.684344837035256059e+00
3.420000139035676567e-01 -5.898157805204391479e-01 2.686526329893814680e+00
-5.879998888288225783e-02 -5.896571335338410824e-01 2.884457124982561460e+00
3.911860751551251014e-01 -5.357441784337509949e-01 2.685883732729180018e+00
6.525000333786010742e-01 -3.105000108480453491e-01 2.688499987125396729e+00
-3.518490532659134806e-01 6.671321122151501193e-01 1.601679256502187565e+00
1.343684259213899335e+00 -2.125262963144402828e-01 2.690315811257613543e+00
-9.357893466949462891e-02 2.469473742602164290e-01 1.364736879081056786e+00
-4.002499903241793500e-01 -1.950624908010164804e-01 3.217312497397263993e+00
-9.569999873638153076e-01 -9.179999828338623047e-01 2.684000015258789062e+00
-5.161159781999484931e-04 -8.856128909254586956e-01 2.702451623896116928e+00
-8.304000020027160200e-01 -1.284000158309936412e-01 2.692400074005127042e+00
2.310000061988830566e-01 -8.640000224113464355e-01 2.696000099182128906e+00
-5.759999752044677734e-01 -9.341538456770089871e-01 2.731538497484647277e+00
6.134695666176932100e-02 -8.044897926097013263e-01 2.716204083695703542e+00
6.110000212987264367e-01 -8.650000145037969324e-01 2.983499964078267563e+00
1.470000147819519043e-01 -7.616665628221300222e-02 1.564499994119008308e+00
-2.999997138977050781e-02 -8.700000047683715820e-01 2.720000028610229492e+00
-6.240000128746032715e-01 -7.649999856948852539e-01 2.720000028610229492e+00
9.983898401260375977e-01 -1.138525434469772613e+00 2.739474581459821145e+00
3.510000101617864465e-01 -4.471216185672863275e-01 2.749959478507170818e+00
-4.800000190734863281e-01 -8.700000047683715820e-01 2.924000024795532227e+00
7.479000329971313699e-01 -2.519993782043456962e-02 1.618100017309188843e+00
-3.227999925613403431e-01 -3.072000026702880748e-01 3.138800048828124911e+00
3.480000495910644531e-01 3.960000276565551758e-01 1.856000065803527832e+00
-1.963759320122855090e-01 -9.344210521619122911e-01 2.751533861447097884e+00
6.450001001358032227e-01 -1.380000114440917969e-01 1.849999964237213135e+00
-2.999999523162841797e-01 -5.759999752044677734e-01 2.917999982833862305e+00
-5.339998347418648678e-02 -8.850857002394539874e-01 2.733457170213971832e+00
-5.015215666397758454e-02 -8.459673873756242690e-01 2.751500019560689569e+00
5.065200161933899325e-01 -4.514399921894073353e-01 2.662880046367645193e+00
3.342856679643903262e-02 -8.288571323667254243e-01 2.726000070571899414e+00
-8.503373480704893295e-01 -3.447469875036952014e-01 2.350457869380353504e+00
-4.859999683168199081e-01 -1.167333324750264412e+00 2.932666725582546707e+00
9.918293356895446777e-02 -6.954146278340641585e-01 2.751426845062069582e+00
1.524000167846679688e-01 -6.066664589775933036e-02 1.538400014241536384e+00
2.840000311533609767e-01 -5.791999896367391321e-01 2.728000084559122573e+00
2.972414007132080926e-01 -5.438275765413524976e-01 2.737000017330564194e+00
-8.871428484008425652e-01 -4.464999990803854568e-01 2.051428539412362362e+00
4.280000130335490094e-01 -4.280000130335490094e-01 2.726000070571899414e+00
-7.907272667595834914e-01 -1.576363390142267451e-01 2.740909128478079104e+00
-4.817142827170236008e-01 -3.471428837094988062e-01 3.245428596224103845e+00
-8.922599917650222423e-01 -7.965599948167800815e-01 2.200760002136230575e+00
7.739999294281005859e-01 -7.829999923706054688e-01 2.756000041961669922e+00
-3.175714228834424779e-01 -8.303571279559817109e-01 2.878785661288670195e+00
7.731971052504077284e-03 -7.534020530808832605e-01 2.767752608073126286e+00
5.819279027272419857e-02 -7.043855341084032107e-01 2.765614492347441722e+00
-5.603999853134155051e-01 -9.731999993324279563e-01 2.769199991226196200e+00
5.700004100799560547e-02 -9.270000159740447998e-01 2.762000083923339844e+00
6.028786270604656883e-01 -9.954103906719671269e-01 2.886786130122366512e+00
2.076428688707805947e-01 -5.542142753090176788e-01 2.768571467626662397e+00
-1.324662914523830684e-03 6.919483859817703031e-02 1.255454554186238969e+00
5.091428501265389261e-01 -9.359999980245318207e-01 2.773999929428100586e+00
-1.485576813037578769e-01 -6.107884496450424194e-01 2.909980803728103638e+00
-7.799994945526123047e-02 -8.159999847412109375e-01 2.773999929428100586e+00
-8.953793035156425439e-01 -4.952413693241689563e-01 1.948689670398317642e+00
-5.467058630550608589e-01 -9.842352843752094627e-01 2.803294116375492973e+00
4.987086799201064236e-01 -9.454488191078966874e-01 2.789826779853640470e+00
9.119999408721923828e-01 6.059999465942382812e-01 2.042000055313110352e+00
-7.144799852371215287e-01 -2.822399902343750155e-01 2.842639999389648509e+00
-6.217021270001188427e-01 -7.036595674271278744e-01 2.808595733439668507e+00
-3.999869028727213722e-04 -6.963999937742184621e-01 2.802399995999458326e+00
-6.562409501477896034e-01 -5.963855306786226551e-01 2.799301199166171372e+00
-1.046536073242266163e+00 -4.534017793911019473e-02 1.850000010323278765e+00
-2.819999456405639648e-01 4.680000543594360352e-01 1.922000050544738770e+00
9.900000691413879395e-02 -4.762497916817665100e-02 1.498156245797872543e+00
-7.085769256720175768e-01 -3.381923116170443278e-01 2.793269230769230838e+00
-9.240000247955322266e-01 -1.179999907811482701e-01 2.321999867757161606e+00
-2.418999910354614202e-01 -8.585000018278757805e-01 2.819600009918212802e+00
-9.313846184657170735e-01 -4.841538323805882338e-01 1.835230781481816287e+00
-1.598749856154123850e-01 -1.108750005563100133e-01 1.913625016808509827e+00
7.584000587463378684e-01 -1.185599994659423784e+00 2.983999967575073242e+00
-5.759999752044677734e-01 3.320000171661376953e-01 2.245999972025553237e+00
-9.212941258561377911e-01 -4.056470464257633246e-01 1.953529430370704700e+00
-8.004242416584130826e-01 -5.449696881602509313e-01 2.298727307656798668e+00
-3.549835994595386679e-01 -9.779999881494240155e-01 2.804295090378307709e+00
-8.219999670982360840e-01 -1.067999958992004395e+00 2.792000055313110352e+00
-4.440000057220458984e-01 -1.008000016212463379e+00 2.822000026702880859e+00
-2.882432341575622559e-01 -9.029999939171043932e-01 2.817297291111301671e+00
-5.652857082230704489e-01 -1.064142848764147109e+00 2.819000005722045898e+00
-4.082950744472566007e-01 -8.193442078887439028e-02 3.010754127971461358e+00
2.898333668708801270e-01 -1.276499983337190391e+00 3.041333350870344177e+00
-6.083999872207641602e-01 -1.182000041007995605e+00 2.818400001525878995e+00
-9.350704156177144233e-01 -1.448450575412159325e-01 2.245999997770282697e+00
-6.660000085830688477e-01 -1.175999999046325684e+00 2.815999984741210938e+00
-1.117297272424440102e+00 2.539459628027838645e-01 2.016054172773618980e+00
1.148477440495644819e+00 -8.446451563988962574e-01 2.638903181014522481e+00
-6.240000128746032715e-01 -6.660000085830688477e-01 2.822000026702880859e+00
5.018889043066236955e-01 -1.559999717606438407e-01 1.797777785195244782e+00
-5.484067662961065182e-01 -1.047694917452537400e+00 2.843593217558780140e+00
6.464369797906955872e-01 -1.049546221725079276e+00 2.858352997723747624e+00
8.813513162973765080e-01 -1.048540543865513097e+00 2.829783864923425707e+00
-4.489897939623618828e-01 -9.997959033567078713e-01 2.853530645370483398e+00
5.047272901342372275e-01 -9.933939305218782989e-01 2.851090941766295739e+00
5.493402358182927214e-01 -9.959999906648066004e-01 2.853546430155173841e+00
2.008188122870938064e-01 -7.945771773389521675e-01 2.652389300749605994e+00
-5.419090715321627227e-01 -9.440909100301337897e-01 2.850909131945985830e+00
-8.399999141693115234e-02 1.319999694824218750e-01 1.190000009536743120e+00
-3.215999841690063699e-01 -6.599998474121093750e-02 1.815200018882751509e+00
-2.179999748865763254e-01 -9.320000012715657922e-01 2.832000096638997544e+00
9.928582679657708618e-03 -8.602142894551867425e-01 2.711571432295299733e+00
-5.558399868011474343e-01 -8.975999919573466324e-01 2.849360030492146922e+00
3.055251948267435624e-01 -1.200474814545336333e+00 3.112589951041790926e+00
8.207143034253802094e-01 -8.944285660982131958e-01 2.841071435383387911e+00
-2.977818106160019518e-01 -8.482181787490844505e-01 2.852145481109618963e+00
6.993103479516917798e-01 -4.706894529276881012e-02 1.649206899363419021e+00
-5.043748393654823303e-02 3.862500935792922974e-02 1.301093747839331627e+00
5.318000237147013642e-01 -8.630000054836273193e-01 2.852400032679240027e+00
7.920000553131103516e-01 -7.860000133514404297e-01 2.828000068664550781e+00
-6.009166497323248368e-01 -7.468333277437422257e-01 2.849250041776233200e+00
-1.510793544628002139e-01 -7.450476127957540440e-01 2.842888903996301231e+00
-6.152499847941927946e-01 -6.950833259357346305e-01 2.849166704548729889e+00
-6.421621659317532371e-01 -5.982972850670685849e-01 2.850945991438788241e+00
6.984732860827264078e-01 -9.437404593438593059e-01 2.601740409399716736e+00
6.994285719735281459e-01 -9.960856991154807272e-01 2.603514218330383212e+00
-6.033818093213167977e-01 5.723999717018820599e-01 1.713636370138688525e+00
-5.042857087793803927e-01 -1.651428199949718789e-01 3.156285717373802591e+00
1.362000033968970847e+00 -2.688571157909575016e-01 2.836571443648565172e+00
-4.275000095367431641e-01 -8.144999891519546509e-01 2.922500014305114746e+00
-8.817241232970665088e-01 -5.413793003422090466e-01 1.947379325998240596e+00
-3.512222170829772949e-01 6.152222333131013299e-01 1.701833340856764076e+00
4.489014165502199227e-01 -2.034084427524620320e-01 1.903915497618661856e+00
6.856595861150863724e-01 -1.139106395396780380e+00 2.858766002857938915e+00
8.861694901676501201e-01 -8.025762630721270385e-01 2.860339039463108080e+00
-4.424998015165328841e-02 -6.063749842345714791e-01 2.864000082015991211e+00
9.565715108598982219e-02 -1.111028545243399446e+00 3.146342870167323724e+00
7.739999294281005859e-01 -1.110000014305114746e+00 2.851999998092651367e+00
6.000010863594387039e-03 -5.601739045502482917e-01 2.864173996275749978e+00
-4.142926727853170066e-01 -1.055560966817344015e+00 2.896634177463810467e+00
-6.779999732971191406e-01 -1.187999993562698364e+00 2.865500092506408691e+00
3.086373727400224531e-01 -4.536922960490970547e-01 2.768065966092623231e+00
-5.596666567855410612e-01 -6.283333334657881242e-01 3.089999940660264954e+00
-2.203636277805675059e-01 3.960000384937633067e-01 1.610000014305114746e+00
-1.430301714425135165e-02 -1.047818187511328603e+00 2.948060618506537445e+00
-6.537999878327052095e-01 -8.386999944845835442e-01 2.498900051911671749e+00
6.240000724792480469e-01 -1.049999992052714104e+00 2.870000123977661133e+00
-9.604067782224234850e-01 4.342374155076883513e-02 2.495355981891437924e+00
-7.585970065486964398e-01 -1.148865669520933164e+00 2.895164190833248163e+00
-4.993397981217763681e-01 -1.154097084860199907e+00 2.899825267421388908e+00
-4.477499941220650093e-01 -1.137173088697286838e+00 2.894461542367935181e+00
-4.163076694195086969e-01 1.596923424647404555e-01 1.846307699496929411e+00
2.117640831891228273e-03 -1.057588226654950336e+00 2.991941171533921029e+00
-4.882499910891056061e-01 -1.078499972820281982e+00 2.877874940633773804e+00
6.016000164879693468e-01 -1.128000020980834961e-01 1.745200027359856465e+00
-4.515468683093786240e-01 -1.053046872839331627e+00 2.892593789845705032e+00
-5.027175518392607012e-01 -9.916946432972681968e-01 2.883282421199420131e+00
5.497272971904638705e-01 -1.042863648949247324e+00 2.906272770780505610e+00
-5.418367179072632878e-01 -8.954693790601224723e-01 2.899755120277404785e+00
5.602128150615286462e-01 -8.944255248874637410e-01 2.898553210792812251e+00
-5.574807570530817546e-01 -8.461153805255889893e-01 2.899019255087925906e+00
1.247076933200542692e+00 -1.121999979019165039e+00 2.621230822343092903e+00
9.420000314712524414e-01 -3.869999647140502930e-01 2.534000039100646973e+00
-5.759999752044677734e-01 -8.219999670982360840e-01 2.875999927520751953e+00
-5.797199916839599343e-01 -7.885199940204620228e-01 2.887520003318786443e+00
-1.510740614231721735e-01 -6.442962921695944978e-01 2.890074094136556138e+00
-1.090499967336654719e-01 -6.331500023603439109e-01 2.879449951648711981e+00
3.500000158945719142e-01 -1.118000030517578153e-01 1.651800004641214903e+00
1.249418204480951422e+00 -1.094454527984966008e+00 2.618054576353593177e+00
-4.362857171467372508e-01 -1.285714421953473852e-01 3.087714263371058809e+00
8.509999910990396765e-01 -9.490000108877817420e-01 2.892000039418538559e+00
-5.671499967575073242e-01 -8.024999976158142534e-01 2.909600037336349310e+00
-2.482142703873770617e-01 -6.963571356165976223e-01 2.898214334533327996e+00
-9.569072102762988807e-01 -1.469072005183426344e-01 2.151175297412675658e+00
5.596000512440999497e-01 -1.091839984258015983e+00 2.911840028762817223e+00
5.699999332427978516e-01 -1.184400010108947798e+00 2.918000006675720126e+00
-3.937241291177683844e-01 -7.995862015362443787e-01 2.916758619505783745e+00
8.148160981543270051e-03 -4.542222126030627805e-01 2.919037035953851333e+00
1.408878538096062449e+00 -3.483925188813253859e-01 2.917214961809532880e+00
-1.080000400543212891e-01 -1.230000019073486328e+00 2.917999982833862305e+00
6.490909403020684865e-01 -3.059999942779541016e-01 1.933454556898637211e+00
2.912608981132507324e-01 -4.394347875014595339e-01 2.788086966327998795e+00
-5.339998751878738403e-02 -1.235700011253356934e+00 2.957900035381316961e+00
8.506434875985849908e-01 -8.392173813736957255e-01 2.945443507899408786e+00
8.904000163078308328e-01 -6.812999963760375532e-01 2.456899964809417636e+00
5.543810148087758849e-01 -1.147714285623459674e+00 2.950857177613273485e+00
-4.457142693655831711e-01 -1.147714291300092393e+00 2.933428662163870548e+00
-5.090294094646677925e-01 -8.861470476669424112e-01 2.938470619566300179e+00
-5.311428450402759793e-01 -8.819999865123203664e-01 2.937714326949346422e+00
-5.399459310480065888e-01 -8.452972936200665588e-01 2.953621655971080173e+00
-4.998311632639401703e-01 -8.484545431353829326e-01 2.956376657857523238e+00
4.280000130335490094e-01 -6.240000128746032715e-01 2.632000048955281724e+00
8.546666933430565605e-01 -8.082499992516305465e-01 2.945916695727242463e+00
-2.400000095367431641e-01 -3.659999370574951172e-01 1.825999975204467773e+00
-3.122857099487668098e-01 -6.798571348190307617e-01 2.936142898741222584e+00
-3.009749934077262656e-01 -6.449999958276748657e-01 2.951075023412704557e+00
-2.399992942810058594e-02 -4.739999771118164062e-01 2.930000066757202148e+00
-5.133012664375122963e-02 -4.482488010488628882e-01 2.943234466479725864e+00
-9.416428470895403802e-01 -3.452857122534797041e-01 1.949000013726098102e+00
-4.559999704360961914e-01 -1.067999958992004395e+00 2.936000108718872070e+00
-2.113846173653235738e-01 -3.179999589920043945e-01 3.093846174386831294e+00
-9.041777752063892004e-01 -4.573330614301893138e-02 2.602355566731205716e+00
-4.889142785753522458e-01 -8.062285678727286742e-01 2.967885807582310242e+00
3.074997663497924805e-02 -1.241999998688697815e+00 2.968250095844268799e+00
4.061739509520323477e-01 -5.538912940284480557e-01 2.664826131385305441e+00
-1.920697550440943480e-01 -1.143279072850249545e+00 2.969348940738411713e+00
-1.975669983736018653e-01 -1.100412365087528821e+00 2.967484626573385853e+00
4.006530938505315498e-01 -1.246530616364511568e+00 3.004693892537331212e+00
-1.027421085458052774e+00 6.536845157020970687e-02 2.092526360561973053e+00
-9.393409043550491333e-01 -6.882272674278779867e-01 2.098181827501817143e+00
-7.715294080622056017e-01 -4.041176368208492242e-01 2.559411813231075694e+00
1.069655212862738181e-01 3.177930979893125452e-01 8.817241500163900403e-01
-2.315675793467341370e-01 -1.135945951616441851e+00 2.999081096133670243e+00
-1.997746363492079180e-01 -1.093478860989422818e+00 2.991394360300520638e+00
-4.703999638557433971e-01 -7.793999910354614258e-01 2.979199934005737127e+00
-5.497792084495742859e-01 -7.457922015871319976e-01 3.003636394228254236e+00
-5.006769175712878495e-01 -7.471846099083240267e-01 2.997661590576171875e+00
-7.981935412653030637e-01 2.841290696974723695e-01 2.234387143965690381e+00
-5.759999752044677734e-01 -7.290000021457672119e-01 2.977999925613403320e+00
-5.791764621641121158e-01 -6.915294048832911766e-01 2.989411765453862113e+00
-3.219999869664509906e-01 -6.260000069936116907e-01 2.977999925613403320e+00
-3.130908987738869609e-01 -6.046363467519934032e-01 2.979090842333707023e+00
-2.018666594116776125e-01 -4.491999952881424729e-01 3.011155571760954608e+00
1.398000001907348633e+00 -4.320000410079956055e-01 2.977999925613403320e+00
-8.970000028610229936e-01 -8.381999850273131880e-01 2.282000064849853516e+00
5.699999332427978516e-01 -8.880000114440917969e-01 2.983999967575073242e+00
-5.614909031174399878e-01 -7.063636259599165301e-01 3.010945471850308586e+00
4.570714363030025096e-01 -1.214892817395073932e+00 3.011857156242643274e+00
-4.492916622095637913e-01 -6.457916618221335447e-01 3.009916701250606064e+00
-4.842352797003353082e-01 -6.568235229043399848e-01 3.018588206347297298e+00
5.160000324249267578e-01 -1.019999980926513672e+00 3.019999980926513672e+00
-8.468750007450580597e-01 -1.254624992609024048e+00 3.049875035881996155e+00
8.748150018998133992e-02 -1.192518519766536667e+00 3.055185214972790497e+00
5.312727581370960683e-01 -1.141636371612548828e+00 3.031090960358128417e+00
-5.469310211724248694e-01 -6.939999947602721875e-01 3.039413804295419297e+00
-5.776666535271538505e-01 -6.378333287106620064e-01 3.041500025325351242e+00
-5.848799975713093735e-01 -5.993599883715311494e-01 3.052400039037068691e+00
-2.532799784342447680e-01 -4.333600060145060273e-01 3.032960027058919206e+00
-2.065908963030034795e-01 -4.034999852830713496e-01 3.044818222522735596e+00
4.510206272921611359e-01 -1.146927837858495058e+00 3.061134052030818786e+00
8.479091316074519602e-01 -8.959870055898443431e-01 2.841207795328908325e+00
2.429302487262459675e-01 -1.080558108728985500e+00 3.198116299717925326e+00
2.674285854612077906e-01 -1.266000032424926758e+00 3.063714333942958223e+00
-3.032307590429599298e-01 -2.354423002554820177e-01 3.200980793971281990e+00
7.500000596046447754e-01 -6.719999909400939941e-01 2.493500113487243652e+00
4.945263109709087113e-01 -1.015263130790308832e+00 3.084736798938951807e+00
1.092521734859632332e+00 -1.532608426135519397e-01 2.519000053405761719e+00
1.864800310134887562e-01 -1.241760003566741988e+00 3.110360021591186630e+00
9.653164314318306294e-02 -1.192556971236120367e+00 3.099898742724068512e+00
-8.489999983991894927e-01 -1.177714296749659884e+00 3.097142866679600370e+00
3.965052943480641967e-01 -1.142242110402960531e+00 3.097652658663297753e+00
-2.504999637603759766e-01 -5.849996209144592285e-02 1.934000015258789062e+00
4.468465200690335815e-01 -1.095683708301810277e+00 3.095488395247348645e+00
4.581521827241648581e-01 -1.015173882893894097e+00 3.100869570089423100e+00
-9.502340377645289715e-01 -4.506380253649772821e-02 2.298468120554660210e+00
-2.991780728509981224e-01 -3.096986192546478667e-01 3.103589090582442811e+00
3.986939118832957818e-01 -7.492652973350213408e-01 2.557571467088193273e+00
-4.411304346893144546e-01 -3.531521649464317014e-01 3.159434813520182850e+00
3.007883381669538836e-01 4.513138776277973441e-01 2.152715361031302788e+00
-1.787226250831116994e-03 6.214468631338565530e-01 1.764468089063116807e+00
2.665714366095406906e-01 -1.214571390833173448e+00 3.121142830167497717e+00
-7.946823505794300413e-01 -3.952235165764304003e-01 2.499411812950583123e+00
2.796000480651855691e-01 -1.075199985504150302e+00 3.119599962234496981e+00
-6.060000061988830566e-01 -4.739999771118164062e-01 3.115999937057495117e+00
2.473521266185061962e-01 -1.198014080524444580e+00 3.141098611791369066e+00
1.008888836260195127e-01 -1.195111111358359901e+00 3.152555576077213928e+00
5.163159495905825930e-02 1.959473992648877727e-01 1.289631580051622928e+00
3.426451721499043090e-01 -1.136709684966712874e+00 3.133871009272913621e+00
1.575789702566046391e-01 -1.143789473332856854e+00 3.157052654969064953e+00
-2.464615381681002082e-01 -9.969231715569129570e-02 1.887846148931063173e+00
3.494413531692334152e-01 -1.095117302580252749e+00 3.142111755616172175e+00
3.916615669543926370e-01 -1.090061525198129599e+00 3.129846187738271723e+00
8.331429277147565093e-01 -8.845714160374232859e-01 2.887142862592424475e+00
-1.017945155705491100e-01 -8.933013628606927270e-01 2.745684951952059194e+00
-9.007594887214370738e-01 -2.971898634222489566e-01 2.202329128603392139e+00
5.130000114440917969e-01 -1.271999955177307129e+00 3.005000114440917969e+00
-6.012857064368233306e-01 -1.927142786601233060e-01 3.146380967564053055e+00
-2.954814743112634812e-01 -1.531851615434811353e-01 3.143777800195011185e+00
-3.429000139236449973e-01 -1.533000051975250133e-01 3.143600022792816251e+00
5.576471113691142678e-01 -3.543529300128712145e-01 2.665176475749296170e+00
-2.509411643533145941e-01 -1.471764445304870605e-01 3.139647087630103695e+00
2.008192955729473095e-01 1.040963810610483903e-01 1.249855435038187412e+00
-3.066666656070285435e-01 -9.733329878913031530e-02 3.135333379109700669e+00
2.980000178019205914e-01 -1.011999964714050293e+00 3.157999992370605469e+00
-5.440952238582429379e-01 -4.108571287185426857e-01 3.163047646719312045e+00
-5.022352887134925448e-01 -1.777646985708498384e-01 3.161882372463450608e+00
8.085999886194864539e-01 6.126999974250793013e-01 1.945700005690256695e+00
2.972195468297818555e-01 -1.078390214501357747e+00 3.199560996962756754e+00
2.945901873658914871e-01 -1.044614759624981515e+00 3.196139361037582560e+00
1.094800007343292192e+00 -1.130700008074442486e+00 2.686800014972686945e+00
-4.830000003178914203e-01 -3.540000021457672119e-01 3.191000044345855713e+00
1.217999935150146484e+00 -7.619999647140502930e-01 2.743999958038330078e+00
-4.506374925374984630e-01 -1.936124905943870655e-01 3.204012516140937628e+00
-4.605000019073486328e-01 -1.679999828338623047e-01 3.183500051498413086e+00
-2.807142819677080348e-01 -1.641428215163094617e-01 3.182428615433829044e+00
2.699999809265136719e-01 -1.019999980926513672e+00 3.181999921798706055e+00
-3.469090895219282822e-01 5.820000171661376953e-01 1.779636372219432383e+00
-5.864210348380239912e-01 -5.984210309229398561e-01 3.095157911902979730e+00
-3.719999790191650391e-01 -3.240000009536743164e-01 3.187999963760375977e+00
-5.465999871492386308e-01 -2.311000009377797426e-01 3.212100040912628351e+00
-5.029999911785125732e-01 -2.341666569312413626e-01 3.217749999629126556e+00
-9.919999837875366211e-01 4.806666904025607701e-01 1.781666669580671547e+00